1536 32 80 96 112 10 12 6 8 6 6 2 8 8 2 14 14 14 12 10 4 1 1 0 1 0 1 1 0 0 0 0 0 0 0 0 0 0 1 1 1 0 1 0 0 0 1 1 1 0 0 1 1 0 1 1 0 1 0 0 1 1 0 0 1 1 1 1 1 1 1 0 0 0 0 0 1 0 1 0 1 1 0 1 0 
1408 32 112 112 16 0 4 0 2 6 10 4 6 14 10 10 2 8 8 6 4 1 0 0 1 0 0 0 0 0 1 1 1 1 1 0 0 0 0 1 0 1 0 0 1 1 1 0 1 0 1 0 0 0 0 1 1 1 1 1 0 0 1 0 1 0 1 1 1 1 1 0 1 0 1 0 1 0 1 1 0 0 1 1 0 
1536 96 80 112 80 6 4 0 8 8 14 2 6 12 0 12 10 6 14 12 2 1 0 1 1 1 1 0 0 0 0 1 1 1 0 1 1 1 1 0 0 0 1 0 0 0 1 1 0 0 0 1 0 0 0 0 1 1 1 1 1 1 0 1 0 0 1 1 0 0 1 0 1 0 1 0 1 0 0 0 0 0 1 0 0 
1536 32 96 0 80 8 10 12 2 14 6 0 12 6 10 14 14 6 14 6 8 1 1 2 0 1 1 0 1 0 0 1 1 1 1 1 1 0 1 1 1 1 1 0 1 1 1 1 1 1 1 0 0 1 0 1 1 1 1 0 0 1 1 0 1 0 1 0 0 0 0 1 1 1 1 0 0 1 0 0 1 0 1 0 1 
1536 0 96 80 96 10 10 2 2 10 12 12 14 10 14 10 6 6 6 6 8 0 0 1 0 0 1 1 0 0 1 1 1 1 1 0 1 1 0 0 1 1 1 1 1 1 1 0 1 1 0 0 0 1 1 1 0 1 0 0 0 1 0 1 1 0 1 1 1 0 0 0 1 0 1 1 0 0 0 1 0 0 0 0 1 
1536 0 80 0 64 0 12 10 10 10 14 8 12 12 14 10 2 12 2 4 10 0 0 0 1 0 1 1 1 1 0 1 1 0 0 0 0 0 1 0 1 0 1 0 1 1 0 0 0 0 0 1 0 0 0 1 0 1 0 1 0 0 0 0 0 0 1 0 0 0 0 0 1 1 0 1 0 1 1 0 0 0 1 1 1 
1536 32 96 112 96 0 8 12 12 4 0 10 12 6 2 14 8 14 4 14 10 0 0 1 0 1 1 1 1 0 0 1 1 1 0 0 1 1 1 1 0 1 0 0 0 0 1 0 0 1 0 1 1 0 0 0 0 1 1 0 0 0 0 0 1 1 0 0 0 1 0 1 1 1 1 0 1 1 0 0 0 1 1 0 1 
1664 32 80 112 96 4 6 10 14 8 6 8 8 14 0 0 12 10 6 2 4 1 1 1 1 1 0 0 1 0 0 0 1 0 0 0 1 1 1 0 0 1 0 0 0 1 0 0 0 1 0 1 0 0 1 1 0 1 1 0 0 0 1 0 1 1 0 1 1 0 1 1 1 1 1 0 0 0 0 0 0 1 0 0 1 
1536 16 64 96 96 12 8 8 10 10 8 8 0 6 0 10 14 10 6 10 10 1 1 1 0 1 0 1 0 1 1 1 1 0 1 0 0 0 1 0 1 1 0 0 1 1 1 1 0 1 1 0 0 1 0 0 0 1 0 1 1 1 0 1 1 0 1 1 1 1 1 1 0 0 0 1 0 1 0 0 0 1 1 1 0 
1536 16 0 48 80 6 0 10 0 12 10 0 4 14 2 6 8 10 0 6 14 1 0 1 1 1 1 0 0 0 0 1 1 1 1 0 0 0 1 0 0 0 1 1 0 0 1 0 0 1 1 0 0 1 0 1 1 1 0 1 0 0 1 1 1 0 1 1 0 0 1 1 0 1 0 0 0 0 1 1 0 0 1 0 1 
1536 16 96 0 80 10 8 14 14 6 0 4 12 2 2 10 0 12 6 2 10 1 2 0 0 0 0 1 1 0 1 0 0 0 1 1 1 1 0 0 1 1 1 1 1 0 0 1 1 0 0 0 1 0 1 1 0 0 0 0 0 0 0 1 0 1 1 0 0 1 1 1 1 1 0 0 1 0 0 1 0 1 0 0 0 
1536 112 16 64 96 2 6 0 10 8 6 12 10 10 4 0 4 14 12 8 14 0 0 2 1 1 1 0 0 0 0 0 1 0 1 1 1 0 0 0 0 0 0 0 0 1 0 0 0 1 0 1 0 0 1 1 0 0 1 0 0 1 1 0 0 0 1 0 1 1 1 0 0 0 1 1 1 0 0 1 1 1 1 1 1 
1536 96 64 32 112 10 10 4 0 14 12 6 14 2 8 4 14 14 14 8 4 0 0 0 1 0 1 1 1 0 1 0 1 0 1 1 1 1 1 0 1 0 0 0 1 1 1 0 1 1 0 0 1 0 1 1 1 1 1 1 0 0 1 0 1 1 1 1 1 1 0 1 1 0 0 1 1 0 0 1 1 1 1 1 0 
1664 32 80 16 80 6 6 8 14 2 8 12 0 0 12 12 14 4 0 10 10 1 1 1 1 1 1 1 0 0 0 1 0 1 1 0 1 0 1 0 1 0 0 1 1 1 1 0 1 0 1 0 0 0 1 1 0 0 1 0 0 1 1 0 1 0 1 0 1 1 0 0 1 1 1 1 0 1 0 0 0 1 0 0 1 
1664 16 48 32 64 12 8 4 8 0 12 0 12 12 2 4 8 8 14 12 14 0 0 1 1 0 1 1 1 0 0 0 0 0 0 1 1 0 1 1 1 1 0 1 1 1 0 0 0 0 1 1 0 1 0 0 0 1 0 1 1 1 1 0 0 1 1 1 1 0 1 0 0 1 0 0 0 1 1 1 0 1 0 1 1 
