5120 48 32 16 16 12 20 12 20 4 6 26 8 10 12 22 26 2 10 12 4 36 43 39 27 41 35 27 36 31 30 36 26 26 33 33 26 25 21 22 33 37 39 34 33 19 27 28 43 41 34 19 33 34 31 40 42 25 31 40 46 43 33 39 45 33 36 33 17 23 20 42 23 40 38 39 38 32 34 27 36 39 47 36 29 
5120 48 48 112 0 0 14 4 6 6 8 18 10 6 6 18 12 18 14 6 12 32 35 36 26 21 32 34 26 35 35 43 32 28 31 36 31 33 35 36 28 43 37 43 38 24 16 28 34 26 29 39 22 30 32 29 31 33 34 43 49 31 51 20 31 28 43 36 23 20 18 45 31 35 27 38 35 34 37 43 43 33 32 33 34 
5120 32 48 96 32 14 6 2 10 4 10 24 12 16 10 10 12 6 10 10 2 30 23 25 28 46 37 35 29 40 45 37 44 15 30 53 20 36 22 32 31 41 31 34 35 16 20 16 12 22 38 24 26 42 35 46 52 20 33 41 53 30 26 20 28 45 42 49 39 26 25 37 30 27 45 47 34 34 33 34 32 32 24 37 37 
5120 16 16 32 48 10 16 10 2 14 10 8 6 10 8 6 16 6 16 2 4 31 37 26 24 13 29 27 44 40 38 39 21 26 3 46 34 39 32 34 32 30 26 35 29 8 21 30 41 34 48 42 43 35 26 28 41 26 35 27 44 15 27 36 28 31 32 30 14 26 20 43 33 22 13 42 33 33 45 44 35 34 36 30 28 
5120 64 64 64 48 8 6 2 18 20 0 14 14 8 8 2 20 4 0 20 2 33 36 38 23 39 44 26 36 36 38 38 30 25 8 31 25 38 37 41 34 26 31 18 30 22 15 39 31 29 26 21 17 30 20 31 30 28 39 30 51 33 27 30 33 23 23 29 20 33 19 33 10 37 38 24 33 28 45 27 23 37 35 22 25 
5120 16 32 48 64 12 24 12 30 16 16 8 4 8 2 0 2 12 0 4 6 24 37 22 31 33 37 40 34 39 40 50 23 18 20 44 23 23 21 24 25 41 34 35 28 30 26 18 37 41 35 30 23 27 24 43 38 27 32 38 46 24 41 44 37 23 32 32 18 23 28 47 31 29 32 32 17 24 27 33 21 45 40 30 35 
4992 32 16 16 16 8 20 18 14 20 6 4 2 12 14 12 8 0 8 0 0 34 3 26 21 34 22 26 29 35 37 37 26 28 25 47 30 37 36 36 29 37 35 28 42 8 20 21 43 35 41 34 46 35 38 44 45 13 34 22 42 35 29 35 22 29 39 40 26 28 16 33 25 39 37 37 30 35 35 34 37 41 42 37 32 
5120 32 48 0 32 10 4 8 10 12 12 8 6 10 12 14 20 26 12 10 2 38 42 46 36 34 24 31 23 42 39 38 40 21 18 42 28 37 37 36 19 30 29 32 30 11 13 34 38 28 31 39 35 31 28 38 47 26 19 32 36 33 38 39 43 27 35 36 21 23 14 35 31 25 25 40 31 49 28 34 36 31 30 37 33 
5120 0 48 112 0 18 14 2 2 2 4 12 14 14 14 6 4 8 14 16 16 26 26 38 32 19 39 32 21 51 34 40 22 35 27 33 25 40 33 32 20 46 37 37 32 22 23 33 29 42 30 37 33 28 33 38 47 25 46 47 42 42 25 39 32 23 34 30 15 38 15 21 34 36 42 52 45 26 20 39 19 45 17 33 22 
5120 80 32 16 112 28 20 14 12 12 24 14 10 10 8 6 16 18 10 12 8 26 20 33 32 37 28 31 33 38 40 35 22 13 27 39 19 56 33 29 31 50 29 35 29 12 22 18 37 26 34 37 24 31 26 46 43 20 24 27 47 32 34 33 28 11 38 42 31 29 5 24 24 25 28 27 27 31 39 36 30 41 17 39 42 
5120 96 32 96 80 4 14 0 0 6 4 0 6 2 12 20 8 6 16 2 4 40 23 37 36 40 46 44 49 35 38 35 30 27 19 35 29 38 35 27 38 29 42 44 32 13 32 32 42 40 39 24 36 42 51 45 45 35 57 41 55 41 27 32 16 26 22 46 5 40 18 29 42 31 17 36 25 39 34 41 38 38 36 56 43 
5120 48 16 16 48 26 8 12 2 14 4 2 4 14 14 12 10 12 6 16 12 29 32 22 39 24 29 24 33 33 34 31 23 18 24 40 29 33 32 39 27 36 38 56 38 16 33 35 41 32 39 50 25 33 30 37 43 30 41 40 42 34 23 43 33 20 30 36 14 24 30 42 39 31 34 40 19 32 39 28 26 32 30 34 27 
5120 32 80 48 32 4 6 10 12 6 12 20 10 4 12 8 0 10 6 10 6 36 25 37 33 30 30 20 33 28 37 39 26 43 22 48 50 43 27 32 24 28 25 41 20 24 17 30 33 32 37 9 30 28 34 38 40 15 35 26 39 34 31 36 34 23 27 34 27 32 22 41 33 27 28 23 28 33 35 29 33 38 42 41 28 
5120 32 80 112 112 2 10 10 26 14 12 28 0 2 14 14 12 12 14 8 0 31 30 36 32 25 44 41 32 38 30 26 23 26 16 38 36 30 26 31 29 35 36 27 28 21 24 20 26 45 40 40 44 41 34 39 48 31 25 36 37 42 30 38 26 32 41 46 17 31 36 46 25 30 33 43 28 40 41 40 39 46 31 45 37 
5120 16 32 96 64 10 10 14 8 0 6 46 12 4 8 14 10 14 6 6 12 40 40 32 33 42 29 32 29 42 41 41 36 25 16 36 22 36 28 25 29 40 42 40 34 16 24 14 41 29 35 30 19 27 37 45 45 40 40 33 55 20 37 35 27 21 26 37 20 29 16 41 29 30 31 31 36 33 32 33 25 33 29 41 28 
