446 32 46 34 42 0 2 2 10 2 8 8 2 6 4 6 4 0 0 8 6 1 0 1 0 0 1 0 0 0 1 1 1 0 0 0 1 0 1 1 0 0 1 1 0 1 1 1 0 1 1 0 1 0 1 0 0 0 0 1 0 0 1 0 1 0 1 0 0 0 0 1 0 0 1 0 1 1 1 0 0 0 0 1 0 
438 46 44 32 58 2 2 8 10 0 0 4 0 10 2 8 10 8 6 4 10 0 1 0 0 0 1 1 0 1 0 0 1 0 0 0 0 1 1 1 0 1 1 1 0 1 0 1 1 1 0 0 1 0 0 1 1 1 1 1 1 0 1 0 0 1 1 0 1 0 1 0 0 1 0 0 0 1 1 0 0 1 1 0 1 
424 0 40 38 20 6 6 2 4 2 10 2 2 10 2 10 10 2 2 6 0 1 1 1 1 0 0 1 0 0 0 1 1 1 1 0 0 0 0 1 0 0 1 1 1 1 1 1 1 0 0 1 1 0 1 0 1 1 0 1 0 0 0 1 1 0 0 0 0 0 1 1 0 1 1 1 0 0 1 0 0 1 0 0 1 
448 36 42 18 36 0 8 0 10 6 8 2 2 0 10 4 10 10 6 4 8 0 1 1 1 1 1 0 1 1 1 0 0 1 1 0 1 1 0 1 0 0 0 1 0 1 1 1 0 0 0 0 1 1 1 1 0 0 0 1 0 0 0 1 1 1 1 1 1 1 0 0 1 0 0 0 1 0 1 0 1 1 1 1 0 
418 48 26 60 32 6 2 0 0 8 2 6 4 10 10 2 4 10 6 4 10 0 1 1 0 0 1 1 0 1 0 1 1 1 1 0 0 0 1 1 1 1 1 0 0 0 1 0 0 0 1 1 0 1 1 0 1 0 0 1 1 0 0 1 1 0 1 1 1 0 1 1 0 0 0 1 1 1 0 1 1 0 0 1 0 
350 70 36 64 66 2 8 10 4 2 8 2 0 6 2 10 2 4 2 10 8 0 1 0 0 1 1 0 0 1 1 0 1 1 1 1 1 0 0 1 1 1 1 1 1 0 1 0 1 1 0 1 0 1 1 0 1 1 1 0 1 1 0 0 0 0 1 1 1 1 0 0 1 1 1 1 0 1 1 1 1 0 1 1 0 
430 6 34 52 32 2 8 2 10 10 8 6 10 6 6 0 4 0 0 6 2 1 1 1 1 1 0 0 1 1 0 1 0 1 1 0 1 0 0 0 1 0 0 1 1 1 0 0 1 0 1 1 0 1 1 1 0 0 0 0 0 0 0 1 0 0 0 1 1 1 1 1 0 1 0 0 0 1 1 1 0 1 0 1 1 
402 56 24 30 26 10 2 4 6 4 0 0 6 0 8 8 4 10 2 10 10 0 0 1 1 0 0 0 0 1 0 0 0 1 0 0 1 1 1 0 1 1 1 0 1 1 1 1 0 0 1 0 1 1 1 1 1 0 0 1 0 1 0 0 0 1 1 0 0 0 0 1 1 0 0 0 1 0 1 0 1 1 0 0 0 
460 62 16 46 30 6 2 8 0 8 4 10 4 4 2 4 0 2 8 0 8 0 1 1 0 0 1 1 0 0 0 1 0 0 1 0 1 0 1 0 0 0 0 1 0 0 0 1 0 1 0 0 1 1 0 1 1 1 1 0 1 0 1 1 1 0 0 1 1 1 1 1 1 0 0 1 1 0 1 1 1 0 0 0 1 
434 68 32 54 2 10 8 2 8 0 8 6 2 8 4 4 10 4 10 6 6 1 1 0 0 0 1 1 1 0 1 0 0 1 0 1 1 0 1 0 0 1 0 1 1 0 0 1 1 0 0 0 1 0 1 1 0 0 1 1 1 1 0 0 0 0 1 1 0 0 0 0 1 1 1 0 1 0 1 1 0 1 0 0 0 
432 62 60 20 10 2 0 4 10 4 4 0 4 8 4 10 6 10 6 0 4 1 0 0 1 0 1 0 0 1 1 1 1 0 1 0 0 1 0 0 0 1 1 1 0 1 0 1 1 0 1 1 0 1 1 1 0 0 0 0 1 0 1 1 1 1 1 0 1 0 0 1 1 1 0 0 1 0 0 0 1 0 0 1 1 
356 60 42 50 70 8 2 6 6 10 4 0 2 8 8 2 8 6 10 10 0 0 1 0 1 1 0 0 1 0 1 0 0 0 0 1 0 0 1 0 0 0 0 0 0 0 1 1 1 0 1 0 0 0 0 1 1 0 1 0 0 0 0 0 1 1 1 1 0 1 1 1 0 1 1 0 1 0 0 1 1 0 0 0 0 
420 46 20 24 30 2 10 2 8 2 10 10 6 8 6 4 0 6 4 10 2 1 0 0 0 1 1 0 0 0 0 0 1 0 1 1 0 1 0 0 0 1 1 0 0 1 0 1 1 1 0 1 1 0 0 1 1 0 0 0 1 1 0 0 0 1 1 0 1 1 0 0 0 1 1 1 1 1 0 0 0 0 0 0 0 
446 58 34 32 48 2 8 10 10 6 4 0 8 8 0 2 4 0 4 4 2 1 0 0 0 0 1 1 0 0 1 0 0 1 1 1 0 0 1 1 1 1 1 1 1 0 0 0 1 0 0 0 0 1 1 1 0 0 0 0 0 0 1 1 1 0 0 0 0 1 0 1 0 1 0 0 1 1 1 0 0 0 1 1 1 
464 38 38 46 12 8 8 2 0 10 10 4 6 0 2 10 6 10 10 2 10 1 1 1 1 0 1 0 0 1 1 0 0 1 0 1 0 0 1 0 1 0 0 1 0 1 1 0 0 0 0 1 1 0 0 0 1 0 1 0 1 1 0 0 0 1 0 0 1 0 0 0 0 0 1 0 0 1 1 1 0 0 1 1 0 
