5788 198 104 134 110 16 2 6 10 0 6 26 10 14 8 10 10 8 0 10 8 16 9 16 22 22 19 17 10 18 12 20 14 1 9 18 22 30 18 7 23 29 15 6 9 1 1 33 18 20 15 15 15 20 9 25 2 10 27 12 28 19 28 17 9 15 8 22 5 18 1 23 16 13 12 21 15 12 11 23 17 21 23 16 22 
6106 124 142 154 206 2 12 2 10 0 2 14 2 12 6 0 10 20 4 4 8 22 11 30 20 14 2 28 21 1 11 22 24 0 1 31 23 21 4 20 20 17 14 24 9 1 1 29 1 11 24 19 20 24 21 18 1 12 22 17 26 19 32 21 15 26 18 13 2 18 9 24 15 8 20 10 16 7 15 19 12 24 23 10 18 
5802 142 110 206 148 4 4 14 10 4 0 24 8 4 4 18 16 8 6 6 0 20 1 13 19 12 11 26 22 21 15 25 19 11 0 25 11 24 18 17 20 13 14 25 12 2 5 25 8 20 12 17 8 24 14 13 1 11 27 21 20 10 30 15 13 24 7 25 2 12 3 13 12 13 9 13 5 11 24 18 20 17 16 23 14 
5826 124 124 116 140 2 6 8 2 4 4 8 10 10 16 6 10 10 6 0 2 6 2 18 14 17 18 23 24 6 20 16 20 12 2 33 26 22 19 14 23 16 17 23 10 8 7 25 18 4 16 21 11 12 26 27 1 1 29 19 21 14 26 14 14 24 19 28 5 18 11 5 10 10 4 27 14 22 16 24 18 19 25 12 8 
5842 184 34 198 124 2 10 0 8 6 4 6 2 2 4 10 12 4 0 8 10 17 20 14 24 24 10 31 24 24 8 26 7 6 0 33 13 3 16 17 23 1 13 22 12 6 6 27 27 29 15 25 24 10 1 17 5 11 25 13 29 14 16 10 16 32 16 21 2 22 1 29 19 22 20 22 8 12 23 24 18 13 21 13 11 
5950 208 136 142 148 10 10 4 14 10 0 6 0 6 8 14 4 8 10 0 6 20 24 13 19 11 13 30 19 21 19 26 11 12 9 18 18 31 12 16 22 19 21 30 14 1 6 24 20 20 14 14 12 15 11 20 5 9 29 20 33 19 21 20 16 34 17 12 2 15 9 7 7 16 19 22 14 17 23 10 16 18 16 17 14 
5796 196 202 216 180 2 4 2 14 12 8 16 0 10 6 0 0 2 6 4 10 34 23 12 20 18 8 27 14 17 14 16 13 10 1 32 18 19 12 17 30 19 21 17 9 5 3 22 27 19 16 13 14 16 14 20 3 0 24 19 37 15 24 0 7 18 15 15 4 19 2 15 13 18 6 23 21 8 16 20 14 23 21 25 11 
5880 194 108 134 134 8 14 14 0 4 4 4 6 8 6 14 2 12 8 6 8 24 19 22 21 21 15 27 27 17 11 16 21 7 8 23 20 23 21 4 27 22 16 28 19 0 3 26 20 15 15 13 13 8 16 24 10 12 32 21 42 8 24 24 20 31 13 20 1 13 2 18 14 8 20 27 16 6 19 9 16 17 17 17 9 
5936 198 122 132 130 4 0 10 4 10 4 4 10 6 0 4 6 14 0 10 0 12 5 24 15 16 6 23 21 27 20 9 20 12 1 27 23 20 19 20 25 14 13 29 20 6 4 24 19 24 12 19 14 18 12 21 1 5 26 12 22 18 31 19 15 31 17 16 5 20 9 21 11 20 16 19 2 2 23 9 17 15 18 21 19 
5956 104 192 156 214 8 8 8 6 8 10 2 4 2 8 0 8 6 8 2 0 19 5 15 19 17 21 4 16 11 8 25 23 11 2 29 19 18 15 11 22 20 19 39 16 2 1 14 16 21 9 21 13 10 10 25 6 4 34 18 27 19 20 15 5 29 21 15 1 12 1 28 12 21 11 22 15 8 6 9 23 16 15 11 16 
5854 218 186 116 122 4 4 4 4 8 8 8 2 10 10 4 6 10 0 10 8 15 19 6 18 25 15 7 23 15 2 19 12 20 9 24 19 26 9 8 23 20 12 39 17 7 5 24 27 25 11 14 13 8 19 26 4 5 22 17 32 20 29 24 9 24 13 23 1 19 6 20 18 17 10 29 0 15 16 13 20 29 19 24 10 
5866 122 120 224 148 0 4 6 10 4 10 10 18 10 14 12 8 2 4 10 2 20 20 23 22 9 5 25 22 26 10 9 10 6 7 26 21 19 18 16 27 17 16 13 20 1 2 25 16 13 12 23 11 15 14 28 5 1 17 16 26 16 22 19 18 33 8 19 3 18 0 25 9 13 20 17 11 13 7 15 20 15 3 21 16 
5932 188 130 202 112 8 10 0 8 2 0 4 12 10 0 2 2 8 0 2 10 20 22 15 20 15 21 24 15 25 15 16 17 3 10 25 20 28 10 13 16 20 8 24 13 2 1 26 19 18 13 13 3 22 14 29 5 1 29 16 23 19 23 6 21 26 17 23 5 19 0 19 19 18 6 25 20 16 15 21 18 24 24 20 17 
6010 190 166 218 210 2 10 10 2 6 6 4 2 14 8 16 4 10 0 10 0 11 24 17 12 22 13 25 16 5 12 4 13 5 2 25 25 27 18 20 12 12 22 18 23 1 8 23 23 15 2 16 12 11 10 26 0 2 24 21 33 16 23 13 19 31 21 18 4 17 7 23 10 13 22 23 18 12 13 21 13 29 17 22 13 
5900 190 132 220 124 0 2 6 14 0 10 10 10 0 16 10 4 6 10 0 4 17 14 30 21 13 9 27 21 16 3 21 15 13 3 24 18 1 11 18 28 14 28 27 3 1 1 13 15 16 15 9 16 18 1 21 2 3 27 13 31 22 25 15 22 24 16 20 1 21 3 17 9 23 12 26 11 17 20 17 13 24 6 16 0 
