14 18 10 8 14 10 0 8 8 10 6 10 2 8 8 4 10 10 4 8 2 1 1 0 0 0 1 0 0 0 0 0 0 0 0 1 0 1 0 0 1 1 0 0 0 0 0 1 1 1 1 0 0 1 1 0 1 1 0 1 0 0 0 1 1 0 1 0 0 0 0 1 1 0 0 0 0 0 0 0 0 0 0 1 1 
38 22 50 2 18 0 4 10 0 2 6 8 2 6 8 4 4 0 0 4 4 1 1 1 1 1 1 0 1 0 0 1 1 1 1 1 0 1 0 0 1 0 0 0 0 1 1 1 0 0 0 1 1 1 0 1 1 1 0 0 1 0 1 0 1 1 1 1 1 0 1 0 0 0 1 1 1 0 1 1 0 0 1 1 0 
8 22 10 20 6 10 0 8 8 6 8 8 2 4 8 10 10 10 8 6 10 0 1 1 0 1 0 0 0 0 1 1 1 0 0 1 0 0 1 1 0 0 1 0 0 1 0 1 1 0 1 1 0 0 0 0 1 1 1 1 0 1 0 0 1 1 0 1 0 0 1 1 0 1 1 0 1 0 1 1 1 0 1 1 1 
48 18 2 8 28 8 2 0 4 0 2 8 4 8 0 6 10 2 0 2 6 1 1 1 1 1 1 0 0 1 1 0 1 0 1 1 1 0 1 0 0 1 0 0 1 1 0 1 0 0 0 1 1 0 0 0 0 1 0 1 0 1 1 1 1 0 0 0 0 1 1 0 0 1 0 1 0 1 1 1 1 1 0 1 1 
30 18 20 6 24 2 4 8 4 8 0 0 6 8 10 10 8 2 2 6 0 0 0 1 0 1 1 1 1 0 0 1 1 1 0 1 1 1 0 0 1 0 1 0 0 0 1 0 1 1 0 1 0 0 0 1 1 0 1 1 1 1 1 0 1 1 0 1 1 0 0 0 0 1 0 1 0 1 1 1 0 0 1 0 1 
34 34 4 8 20 2 6 0 2 6 6 10 8 2 2 8 4 6 2 4 6 0 1 0 1 0 1 0 0 1 0 0 0 0 0 0 0 1 0 0 1 0 0 1 0 0 0 1 1 1 0 1 1 1 1 1 0 0 0 1 1 1 1 0 1 1 1 0 1 1 1 0 0 0 1 1 1 0 1 0 1 1 1 1 0 
4 26 16 4 12 8 10 8 4 0 6 10 8 6 4 6 8 6 8 0 8 0 0 0 0 1 1 0 0 1 1 1 1 1 1 0 1 1 1 0 1 0 1 1 0 0 1 0 0 1 0 0 0 0 0 0 0 1 1 1 1 0 1 1 1 0 0 1 1 0 1 1 0 1 1 0 0 0 0 0 0 0 1 1 1 
12 10 8 52 2 8 8 10 8 6 0 10 6 0 8 2 0 0 8 10 4 0 1 1 1 1 0 0 1 1 1 0 1 1 0 1 0 1 1 1 0 1 1 1 0 0 1 1 0 0 0 0 0 1 1 0 1 0 1 0 0 0 0 0 0 0 1 0 0 0 1 0 0 0 1 0 0 1 1 0 1 1 0 0 1 
8 20 4 12 16 6 10 4 8 10 6 4 4 6 8 8 10 8 8 6 0 1 1 0 1 1 0 1 0 1 0 1 0 1 0 0 0 1 0 0 1 1 0 1 1 0 0 0 1 1 0 1 1 0 1 1 0 1 0 0 1 1 0 0 0 0 1 1 1 0 1 0 1 0 0 1 0 0 1 1 0 1 1 1 1 
28 6 6 10 14 4 4 8 0 6 10 10 6 10 6 8 10 6 4 4 10 0 0 1 0 0 1 0 1 0 0 0 0 0 0 0 1 0 0 0 0 0 0 0 0 1 0 0 0 1 0 0 0 0 0 0 1 1 0 0 1 1 0 0 1 1 0 1 1 0 1 1 1 1 0 0 0 1 0 1 0 0 0 0 0 
10 8 12 18 12 10 8 4 8 8 10 6 6 0 10 4 4 4 8 8 6 1 1 1 0 0 1 0 1 0 0 1 1 0 0 1 0 1 1 0 0 0 0 0 0 1 0 1 0 0 1 1 1 1 0 1 0 1 0 1 1 0 0 1 1 1 1 1 1 0 1 1 1 1 1 0 0 0 0 1 0 1 0 0 0 
10 36 6 12 16 2 8 0 6 0 8 6 6 8 6 2 8 8 2 4 4 0 0 1 1 1 0 1 1 1 1 0 0 0 0 1 0 0 0 1 1 0 1 0 0 1 1 1 1 0 0 0 0 1 1 0 0 0 1 1 1 0 1 1 0 0 0 0 1 1 0 1 0 0 0 1 1 1 1 1 0 1 0 1 1 
6 16 50 6 18 10 6 6 4 0 4 6 0 2 0 4 4 8 4 8 6 0 0 1 1 1 0 0 0 0 0 1 1 1 1 1 0 0 1 1 1 1 1 0 0 0 0 0 1 1 1 0 1 1 0 1 0 1 1 0 1 1 0 1 0 0 1 0 1 0 0 1 0 1 0 0 0 0 1 1 0 1 0 0 1 
18 24 2 20 6 0 10 8 4 6 6 0 8 8 2 10 0 8 6 4 4 1 1 0 0 1 0 0 1 0 0 1 1 0 0 0 1 1 1 1 1 0 0 1 0 0 1 1 1 0 0 1 0 0 1 1 1 1 0 1 0 0 0 1 1 0 0 1 0 0 1 1 0 1 1 0 1 0 0 1 1 0 0 1 0 
22 18 6 34 12 2 6 8 8 4 2 4 6 0 0 0 6 2 4 4 2 1 1 0 1 1 1 0 0 1 1 0 1 0 1 0 1 1 0 0 1 1 0 1 1 1 1 0 0 0 0 0 0 0 0 0 0 0 1 0 0 1 0 1 1 0 0 1 1 0 1 1 1 1 0 1 1 0 1 1 0 1 1 1 1 
