1782 50 10 24 64 4 6 0 10 6 0 0 2 2 2 8 6 0 6 6 0 0 0 1 1 1 1 0 0 1 0 0 0 0 0 1 0 1 1 0 1 1 0 0 0 0 0 1 1 1 0 1 0 0 1 0 1 1 0 0 1 0 1 0 0 1 0 1 0 0 1 0 0 1 0 1 0 0 0 1 1 1 0 1 0 
1782 44 70 66 60 10 8 0 0 6 8 6 10 8 4 2 10 8 6 10 10 1 0 0 1 0 1 1 1 1 0 1 0 0 1 0 1 0 1 0 0 1 0 0 1 1 0 1 1 0 0 1 0 0 0 0 1 1 1 1 0 0 1 0 0 0 1 1 1 1 0 0 0 1 1 1 1 1 1 0 1 1 1 0 0 
1732 52 52 24 12 0 2 6 10 0 8 2 4 4 4 2 8 2 2 8 0 1 1 1 0 1 1 1 0 0 0 1 0 0 0 0 1 0 0 0 0 0 1 0 0 1 0 1 1 1 0 0 0 0 1 1 1 0 1 0 1 0 1 0 0 1 1 1 0 0 1 0 1 0 0 0 0 0 1 1 1 1 0 0 1 
1808 64 38 2 10 10 0 8 0 8 6 0 8 2 8 2 8 6 0 0 6 0 1 1 0 1 0 1 1 1 0 1 0 1 0 1 0 0 0 0 1 1 0 0 1 0 1 1 0 0 0 0 0 0 0 0 1 1 1 1 0 1 0 0 1 0 0 1 0 0 1 0 0 0 0 0 0 1 1 0 1 0 1 1 1 
1798 22 68 32 30 2 0 4 6 10 8 2 10 6 6 10 4 8 4 8 2 1 0 0 0 0 1 0 1 0 0 1 0 1 0 0 1 0 1 0 1 1 0 1 1 0 1 0 0 0 1 1 0 1 0 0 1 1 1 0 1 0 0 1 1 0 0 0 0 0 0 0 1 1 1 0 1 0 1 0 1 1 0 1 1 
1694 22 2 20 48 10 2 2 10 6 4 8 6 8 10 6 0 10 0 4 6 1 1 1 0 1 1 1 0 0 0 0 0 0 1 0 0 1 1 0 1 0 1 1 0 1 0 0 0 0 1 1 0 1 0 0 0 1 1 1 1 0 0 0 0 0 0 0 1 0 1 0 1 0 0 0 1 1 0 1 0 0 0 1 0 
1906 42 58 12 28 8 10 6 2 8 2 8 6 4 8 10 10 10 6 10 6 0 0 1 0 0 1 0 1 0 0 1 0 1 0 1 1 0 0 1 1 0 1 0 0 1 1 1 1 0 1 1 1 1 1 0 1 1 1 0 1 0 1 1 1 1 1 0 0 0 1 0 0 1 0 1 0 1 0 1 1 0 1 0 1 
1674 14 18 60 24 8 2 0 8 10 6 2 2 2 4 0 4 2 8 4 2 1 1 0 0 0 1 0 1 0 1 0 1 0 0 0 1 0 0 1 1 0 0 0 1 1 1 0 0 0 0 0 0 1 0 0 0 1 0 1 0 1 0 1 0 0 1 0 1 0 1 0 0 1 0 0 1 1 1 1 0 1 1 1 0 
1882 50 26 64 30 10 8 0 10 8 0 2 0 2 0 8 2 8 2 8 0 0 1 1 0 1 0 0 1 1 0 0 1 1 1 0 1 1 0 0 1 1 1 0 1 1 1 1 1 0 0 0 0 0 0 1 1 1 1 1 1 0 1 0 0 1 1 0 0 1 0 0 0 1 0 0 0 0 1 0 1 0 1 0 1 
1816 38 60 32 58 2 8 4 6 8 4 2 10 8 10 0 0 0 6 8 4 1 0 0 0 0 1 0 0 0 1 1 1 1 0 1 0 1 1 1 0 0 0 0 1 1 1 1 0 0 0 0 0 1 1 1 1 1 1 1 0 0 1 0 1 0 1 1 1 0 0 1 0 1 1 0 1 1 1 0 0 1 1 0 0 
1826 68 20 16 60 4 2 6 10 6 0 4 8 6 6 4 0 0 10 8 10 1 0 1 1 0 0 1 0 1 0 1 0 0 1 0 1 0 1 1 0 0 0 0 1 0 0 1 1 1 0 1 1 1 1 0 0 1 1 1 1 0 0 1 1 0 0 0 0 1 1 0 0 0 1 1 1 0 1 1 0 1 1 0 0 
1864 30 24 18 46 2 2 2 10 2 8 2 8 4 8 10 8 6 2 10 6 0 0 1 1 0 0 0 0 0 1 1 1 1 1 1 1 1 0 0 0 0 1 1 1 1 1 0 1 1 1 0 0 1 0 1 0 1 0 1 1 0 0 1 1 0 1 0 0 1 1 0 1 1 1 0 0 0 0 1 1 1 1 1 0 
1764 30 66 6 24 10 2 10 4 0 10 8 0 4 10 10 10 10 8 4 2 1 1 0 1 1 0 0 1 0 1 1 0 1 0 0 1 0 1 1 1 1 0 1 0 1 0 0 1 0 1 0 1 1 0 0 1 1 1 0 1 0 0 0 1 0 0 0 0 0 1 1 0 0 1 0 0 1 0 0 0 1 0 1 1 
1812 52 24 28 20 8 10 6 4 2 10 2 2 2 4 4 6 0 2 2 10 0 0 0 1 0 0 1 1 0 0 0 0 1 1 0 1 1 1 1 1 1 0 0 1 1 1 1 1 0 0 0 0 0 1 0 1 0 1 0 1 0 1 1 1 1 0 1 0 0 0 0 1 0 0 0 0 0 1 0 1 0 1 0 0 
1822 26 14 20 22 4 2 4 10 2 2 8 10 4 10 4 4 2 0 10 4 1 0 0 0 1 0 0 1 1 1 1 1 0 1 0 0 0 1 1 1 1 1 1 0 1 0 0 1 0 0 0 0 0 0 1 1 0 0 0 0 0 0 0 0 0 0 0 0 0 1 1 1 0 1 0 0 0 0 0 1 1 1 1 1 
