0 16 0 32 0 14 0 0 10 14 8 12 10 2 14 4 14 8 4 10 8 1 0 0 0 0 0 0 1 1 1 1 1 1 0 0 1 1 1 1 1 0 0 0 1 0 1 1 0 1 0 0 1 0 1 1 0 1 1 0 0 0 1 0 0 0 1 0 0 0 0 1 1 0 0 1 0 0 0 1 0 1 0 1 0 
0 32 0 0 0 4 6 4 14 6 6 10 4 8 8 8 10 4 12 10 10 1 1 0 0 0 1 1 0 0 1 0 1 0 0 1 0 1 0 1 1 0 0 0 1 0 0 1 0 0 0 1 0 0 1 0 1 0 1 0 0 0 0 1 0 0 1 1 0 0 1 0 1 1 0 1 1 1 1 1 1 0 0 0 0 
0 0 0 0 16 6 6 10 8 4 2 14 10 10 0 8 6 8 12 6 2 0 0 1 1 0 1 0 1 0 0 1 0 0 0 1 0 1 1 1 1 1 0 1 0 1 0 1 0 0 1 0 1 0 1 0 0 1 0 1 1 0 0 1 1 1 0 1 1 0 1 1 0 0 1 1 0 1 1 1 1 0 1 1 0 
0 0 16 0 16 0 10 10 8 12 10 2 2 2 6 4 6 0 6 12 4 1 1 0 0 1 1 0 1 0 0 1 1 1 0 1 1 1 1 1 0 1 0 1 0 0 0 0 0 1 1 0 1 1 1 1 0 1 1 0 0 0 1 1 1 1 0 1 0 0 0 1 1 1 0 0 0 1 0 1 0 0 1 1 1 
0 0 0 0 16 8 14 12 12 6 12 12 4 14 8 4 6 14 4 6 8 1 1 0 0 0 1 1 0 0 0 0 1 1 0 0 1 0 1 0 1 0 1 0 0 1 0 1 0 1 1 0 1 0 0 1 1 1 1 0 1 0 1 0 0 1 0 1 1 1 1 0 0 0 0 0 1 1 0 1 0 1 0 1 0 
0 16 0 0 0 0 10 12 10 2 6 6 8 4 12 4 10 8 6 6 14 1 0 0 1 1 0 0 0 0 1 1 1 1 1 0 1 0 0 1 0 1 1 1 1 0 0 0 0 1 1 0 1 0 1 0 1 0 0 1 1 0 1 1 1 0 1 0 0 1 0 1 0 0 1 0 1 0 1 1 0 0 0 0 1 
0 0 0 0 16 10 8 12 8 12 10 14 8 6 8 6 14 0 12 8 14 0 1 1 1 0 1 1 0 0 1 0 0 0 1 1 0 1 1 0 1 1 0 0 0 0 0 0 1 0 1 1 0 0 1 1 1 0 1 1 0 0 0 0 0 1 0 0 1 0 0 0 1 0 0 0 1 1 1 1 0 1 1 0 1 
0 16 16 16 0 0 4 14 0 0 12 12 6 2 10 12 8 8 6 8 6 1 0 1 0 1 0 1 1 1 1 1 1 1 1 1 1 1 1 0 1 0 0 0 1 0 0 0 1 1 1 0 1 0 0 1 0 1 1 0 1 1 1 1 0 1 0 0 1 1 1 0 1 1 1 0 1 1 1 0 0 0 0 0 1 
0 0 0 16 0 12 12 4 4 8 8 14 2 0 14 8 8 10 12 8 4 1 0 0 1 1 0 1 0 1 0 0 1 1 0 0 1 0 1 0 1 0 1 0 1 1 1 1 0 0 1 1 1 0 0 1 1 1 0 0 0 1 1 0 0 1 0 1 1 1 1 1 0 1 0 0 0 0 1 1 0 1 0 1 1 
0 0 0 0 0 6 12 12 2 0 8 0 8 6 0 14 6 6 6 8 6 0 0 1 1 1 0 1 0 1 0 1 0 0 1 1 1 0 0 1 0 1 1 1 0 0 1 1 1 0 0 1 1 0 0 0 1 0 0 0 1 0 0 0 1 1 1 1 0 0 0 1 0 1 0 1 1 0 0 0 1 0 0 0 0 
0 16 0 16 0 8 2 8 6 10 8 8 12 10 6 14 4 14 6 14 6 0 0 0 0 0 1 0 0 1 0 0 1 1 1 1 0 0 1 1 1 0 0 1 1 0 1 1 1 1 0 0 0 1 1 1 0 1 0 0 1 1 0 0 0 1 0 0 1 0 0 0 1 1 0 1 0 0 1 1 0 0 0 1 0 
0 64 0 0 0 2 4 4 4 6 12 8 8 8 10 12 14 12 4 12 8 0 1 0 1 0 0 0 0 0 1 0 0 0 0 1 0 0 1 1 1 1 0 0 1 1 1 1 1 0 1 0 1 0 0 1 0 1 1 1 0 0 1 0 0 1 0 0 0 0 0 0 1 0 0 1 0 0 0 0 1 1 1 0 1 
0 32 0 16 0 0 6 0 14 10 8 14 10 14 0 10 12 8 12 8 8 0 1 0 0 0 0 1 0 1 1 1 1 1 1 1 0 0 0 1 0 0 0 0 0 0 0 0 0 1 0 1 0 0 1 0 1 0 0 0 0 0 1 1 0 0 1 0 1 1 0 1 1 0 1 0 0 1 1 0 1 1 1 1 1 
0 16 0 0 32 8 0 8 14 12 6 0 12 8 12 8 10 4 4 4 8 0 0 1 0 1 0 1 1 0 1 1 1 0 0 1 0 1 0 0 0 1 1 1 0 0 0 1 1 0 1 1 1 1 0 1 0 1 1 1 0 1 0 0 1 1 0 1 0 1 0 1 1 1 1 0 0 1 1 0 0 1 0 1 1 
0 32 0 16 0 8 14 0 12 12 4 14 10 2 10 12 12 10 12 10 14 1 0 0 0 1 0 1 0 0 1 1 1 0 0 0 0 1 1 0 0 1 1 1 1 0 0 1 0 0 0 0 0 1 0 0 1 1 0 1 1 0 0 0 0 0 0 0 1 1 0 1 0 1 1 1 1 0 1 0 1 0 0 0 0 
