256 32 16 0 112 12 8 0 10 8 12 6 12 6 6 0 10 6 4 10 14 1 1 0 0 1 0 0 1 1 1 0 0 1 0 1 1 1 1 0 0 0 1 1 1 1 1 0 0 0 1 0 0 1 1 0 0 0 1 0 1 1 1 1 0 0 1 0 0 1 0 1 1 0 1 0 0 0 1 1 1 1 0 1 0 
256 0 32 16 112 6 6 4 10 14 10 10 4 0 8 8 12 6 2 6 8 1 1 0 1 1 1 0 0 0 1 0 0 0 1 1 0 0 1 1 1 1 0 0 0 0 1 0 0 1 1 1 0 0 1 0 0 0 0 1 0 0 1 0 1 0 0 1 1 1 0 1 0 0 0 0 1 0 1 1 1 1 1 0 1 
384 32 0 0 96 8 2 8 0 6 8 10 10 14 10 2 0 0 14 14 8 1 0 0 0 1 0 0 1 0 1 1 0 0 0 0 0 1 0 0 0 0 1 1 1 1 0 0 1 1 0 1 1 0 0 1 1 0 0 1 0 0 1 1 1 0 1 0 0 0 1 1 0 0 0 0 1 0 1 0 0 1 0 1 1 
256 32 112 16 112 0 0 10 8 4 6 10 14 8 12 4 10 8 0 8 8 1 0 1 0 0 0 1 1 1 0 1 1 1 0 0 1 1 1 0 1 0 1 1 1 1 1 0 1 1 1 1 0 0 1 1 1 1 0 1 0 1 0 0 0 0 1 0 0 0 1 1 0 1 1 1 0 0 1 0 1 0 1 1 1 
384 48 0 16 112 4 10 8 4 6 6 6 0 12 12 4 12 12 2 10 2 0 1 1 0 0 1 1 0 0 1 0 1 0 0 1 0 0 1 0 1 0 0 1 1 0 0 1 0 1 0 1 0 0 0 1 1 0 0 0 1 0 1 0 0 0 0 1 1 1 0 0 1 0 0 1 0 1 1 1 0 0 0 1 1 
384 16 16 16 112 10 4 10 14 6 2 12 0 2 14 6 10 10 2 6 12 0 1 1 1 1 0 1 0 0 1 0 0 1 0 0 1 1 0 1 1 0 1 0 0 1 0 0 1 1 1 1 1 1 0 0 0 1 1 0 0 1 1 1 0 0 0 0 1 1 0 0 0 0 1 0 0 0 0 1 0 0 0 0 0 
384 16 0 16 112 0 2 6 10 6 6 10 12 10 2 12 6 12 12 10 12 1 0 1 0 1 1 0 1 1 0 0 0 1 0 0 1 0 0 0 0 1 0 1 1 0 1 0 0 1 1 0 1 0 1 0 1 1 0 1 1 0 0 0 1 0 1 1 1 0 1 0 1 1 1 0 1 1 0 1 1 1 1 0 1 
384 80 16 0 96 4 12 10 2 8 6 12 14 14 6 6 14 6 14 2 14 1 0 0 0 0 1 1 0 0 0 1 0 1 1 0 1 0 1 0 1 0 0 1 0 1 1 1 0 1 0 0 0 1 0 1 0 0 0 0 1 0 0 1 0 0 0 0 0 1 1 1 1 0 0 0 0 1 1 0 1 1 0 1 1 
256 32 112 16 112 2 14 4 0 4 2 8 12 8 2 0 2 8 14 12 2 0 0 0 1 1 1 0 0 1 0 0 0 1 1 1 1 0 0 1 0 0 0 0 1 1 0 1 1 1 1 1 0 0 0 1 1 1 0 0 0 0 1 0 1 1 1 1 0 0 1 1 0 1 0 0 0 0 1 1 1 1 0 1 1 
256 48 32 16 112 0 10 2 4 2 4 4 0 6 12 8 2 12 2 4 2 1 1 1 1 1 1 0 0 1 1 1 0 0 0 1 1 0 0 0 0 1 0 1 1 0 0 1 0 1 0 0 0 0 0 0 1 0 0 0 0 0 1 1 1 1 0 1 0 0 1 0 1 1 1 1 1 1 1 1 0 1 0 0 1 
512 0 32 16 32 2 14 0 0 6 10 4 10 12 4 6 8 10 0 10 6 0 1 0 1 0 1 0 0 0 0 0 0 0 1 0 1 0 0 1 0 1 1 0 0 0 0 1 1 1 0 1 1 1 0 1 1 1 1 0 0 0 0 1 0 0 1 0 1 0 1 0 1 0 1 1 1 1 1 1 0 1 0 0 0 
128 16 48 0 96 14 10 14 0 2 0 6 0 0 4 4 10 10 14 12 2 1 1 0 0 1 0 1 1 1 1 0 0 1 1 1 0 0 1 0 0 0 1 0 0 0 1 1 1 1 1 1 1 0 0 0 0 1 1 1 1 1 0 1 0 1 0 1 1 1 1 1 1 0 0 1 0 0 0 0 1 0 0 0 0 
256 32 112 16 0 10 12 14 6 8 8 6 8 8 6 6 4 6 12 12 0 0 0 1 1 0 0 0 0 1 0 1 0 1 1 0 1 0 0 0 0 1 0 1 1 1 1 0 0 1 1 1 0 0 1 0 1 0 1 0 1 0 1 0 0 1 1 1 1 0 1 0 1 1 1 0 0 0 1 0 1 0 0 0 1 
384 16 32 16 0 2 10 10 4 8 8 14 0 6 6 8 2 10 0 2 4 0 0 1 0 0 0 1 0 1 0 1 0 0 1 0 0 0 1 1 0 1 0 1 0 0 1 0 1 1 1 0 0 0 0 1 0 1 1 1 0 1 0 1 1 0 0 0 0 1 0 0 1 0 1 1 0 0 1 1 1 0 0 0 1 
128 48 112 0 0 2 6 6 12 6 12 10 6 14 4 6 0 2 10 10 2 1 1 1 0 1 0 1 0 1 1 1 1 0 0 0 1 0 1 1 0 0 0 1 0 1 1 0 0 1 1 1 0 0 0 0 0 1 0 0 1 1 0 1 0 1 1 0 1 0 0 1 1 1 0 0 0 1 1 1 0 1 1 0 0 
