2124 20 16 0 12 0 2 1 3 3 0 3 3 3 3 1 2 2 1 1 2 
2076 8 12 0 16 1 2 1 1 0 1 1 3 2 2 3 2 2 0 0 1 
2100 16 4 4 20 3 3 3 2 1 2 0 0 2 2 3 2 1 0 0 2 
2088 16 4 12 16 0 1 2 0 0 2 3 3 3 0 1 2 1 1 0 1 
2088 0 0 12 12 1 3 1 1 0 1 1 1 1 3 3 0 0 0 2 3 
2092 20 20 0 8 0 2 0 0 2 1 0 1 1 3 2 2 1 2 3 1 
2112 8 8 4 20 0 0 1 3 2 2 1 1 1 1 0 2 2 0 3 3 
2080 4 4 12 4 2 2 0 2 0 3 0 1 3 4 2 0 3 2 1 1 
2088 20 20 16 4 0 3 2 3 0 2 0 0 1 2 1 3 2 0 2 1 
2104 12 20 8 16 2 3 3 1 2 3 1 3 2 1 2 1 0 3 2 3 
2196 20 12 12 4 1 1 2 1 0 1 3 0 2 0 3 3 0 1 1 3 
2176 16 8 16 12 0 2 0 1 2 2 0 1 0 3 1 2 3 3 0 1 
2104 12 20 20 20 1 1 3 3 0 0 2 2 3 2 2 3 1 1 2 3 
2108 20 4 20 4 1 2 3 2 3 0 2 0 0 0 1 2 1 3 1 2 
2116 20 8 8 0 3 2 2 2 3 0 2 3 2 3 3 0 0 2 0 2 
