2345 7 1 1 0 14 9 0 1 1 8 6 3 3 11 5 0 2 6 8 14 6 0 9 2 
2394 7 7 9 10 11 0 2 22 2 6 9 5 27 9 7 6 0 6 7 2 4 9 3 11 
2424 4 4 9 1 9 4 7 17 4 9 9 2 28 1 3 2 1 5 10 0 4 4 3 14 
2449 8 2 7 9 6 1 2 4 6 0 2 2 19 9 10 7 42 0 0 0 5 7 10 11 
2444 3 0 7 8 5 8 0 14 5 2 8 3 0 0 7 2 3 6 7 6 9 9 8 12 
2374 0 11 3 1 11 0 1 18 3 11 5 2 0 5 11 1 1 0 1 1 6 6 7 5 
2374 5 8 6 6 2 0 3 3 4 9 9 2 0 10 6 4 1 4 2 3 3 4 3 14 
2389 3 9 11 3 6 8 1 10 7 1 7 3 33 3 2 6 0 7 1 2 11 0 10 9 
2339 15 0 6 2 14 1 1 22 5 11 5 0 3 4 2 6 0 1 2 13 1 5 11 3 
2365 14 3 1 9 0 4 2 1 3 0 7 7 20 3 2 0 3 5 5 13 8 2 2 0 
2384 6 9 3 3 0 8 0 1 7 0 3 2 0 1 4 5 0 6 11 14 7 0 2 3 
2434 8 3 5 7 8 2 2 3 4 10 3 10 0 9 5 7 2 6 11 11 10 5 6 5 
2427 10 8 6 5 13 4 5 7 5 3 4 1 0 4 1 6 1 0 5 0 0 6 1 10 
2461 2 5 3 6 4 7 1 3 6 8 4 1 17 2 5 7 1 5 1 1 7 0 5 11 
2451 6 3 3 9 2 6 5 6 0 3 5 2 3 9 6 1 2 6 0 9 3 1 2 3 
