3555 16 10 6 7 4 19 18 13 8 2 6 2 3 16 10 5 5 16 0 0 2 14 3 63 35 11 14 1 0 4 54 0 2 6 4 5 6 2 3 3 18 6 14 8 10 3 6 19 
3789 22 2 4 1 9 9 21 12 15 6 6 7 14 14 11 6 6 18 0 7 0 15 6 4 17 2 11 15 7 1 27 1 0 6 5 11 3 10 10 7 15 2 12 6 10 1 0 19 
3824 3 16 7 3 9 17 1 19 11 0 11 9 10 5 14 11 4 22 6 9 2 9 9 23 13 9 6 4 11 2 1 3 0 11 18 4 3 9 4 8 15 3 4 11 12 1 18 16 
3726 14 18 6 11 13 15 12 1 8 11 6 6 7 6 11 4 5 39 6 11 4 6 5 67 1 3 4 12 0 1 23 3 0 15 14 9 6 9 4 2 2 7 10 10 8 7 4 0 
3741 16 8 7 8 9 3 20 8 3 4 7 5 1 5 9 4 1 23 0 11 14 9 0 30 30 10 7 13 7 5 14 6 6 2 3 11 0 8 6 4 7 0 5 1 1 7 1 12 
3679 4 1 3 1 5 2 22 5 1 10 2 11 10 0 5 3 4 2 4 1 5 7 0 54 21 6 9 15 7 6 3 0 10 3 6 10 8 11 8 14 14 20 15 13 8 6 12 22 
3840 19 17 11 11 1 4 8 0 9 2 0 0 12 17 14 9 2 33 5 1 0 12 7 26 3 1 8 4 11 6 28 3 2 0 4 8 9 9 10 1 16 17 7 6 10 0 4 20 
3756 8 2 1 2 3 10 20 0 6 1 7 5 2 4 12 8 3 2 7 0 8 9 8 18 26 10 5 10 2 1 33 4 11 7 6 4 8 7 11 13 5 0 8 9 6 11 13 4 
3636 19 0 0 0 6 1 23 2 10 5 2 7 10 9 0 0 0 19 7 1 2 12 7 1 27 9 9 14 10 7 42 7 9 13 17 7 11 5 1 3 18 13 15 13 7 8 8 0 
3743 6 2 11 14 8 5 0 13 12 11 8 11 7 4 7 1 5 29 6 10 9 1 9 18 7 2 6 15 3 2 3 3 11 7 13 6 7 10 5 10 18 3 3 0 3 11 1 3 
3666 3 10 15 7 15 5 4 3 13 0 9 7 12 3 3 7 1 15 1 0 3 6 6 47 26 9 7 14 11 0 0 3 0 1 9 2 9 8 7 12 15 20 12 11 11 15 0 10 
3742 17 19 2 12 4 16 18 1 7 4 10 3 10 3 15 3 4 17 1 0 6 13 2 16 41 6 12 8 2 2 2 1 2 8 17 2 3 11 6 5 9 3 6 12 5 4 7 15 
3753 14 19 10 13 7 15 7 15 12 4 2 10 7 11 3 8 3 25 7 4 1 5 0 32 8 10 10 10 0 2 48 4 4 10 13 15 8 4 4 7 15 5 12 14 15 2 3 16 
3717 20 17 2 7 6 17 12 6 12 4 6 9 6 18 12 10 3 24 2 11 14 8 6 5 6 0 12 1 11 7 3 2 5 7 1 2 2 3 2 14 1 4 4 11 1 12 5 8 
3651 19 14 0 5 13 16 20 13 11 4 9 1 0 14 3 0 0 15 5 3 8 5 6 30 34 3 2 3 0 6 23 6 5 11 12 0 4 3 6 1 4 21 0 4 3 4 14 23 
