2144 24 24 12 4 1 0 1 2 3 0 2 0 0 0 3 4 5 0 1 0 
2144 20 4 28 12 3 3 2 3 1 2 2 0 4 3 1 1 0 2 3 3 
2144 4 24 12 20 3 5 4 2 3 2 0 2 0 1 1 1 3 0 2 1 
2112 12 0 8 28 2 3 1 2 0 2 3 2 3 4 2 0 15 2 2 0 
2144 0 0 0 24 1 1 2 2 2 1 0 3 0 1 1 2 1 1 1 2 
2112 4 12 20 0 2 1 0 3 3 3 4 3 2 6 2 1 2 0 2 2 
2176 28 0 20 12 3 2 1 2 0 3 1 3 1 3 1 3 1 0 2 0 
2112 24 24 20 16 1 3 3 1 2 4 0 2 3 1 0 3 3 2 0 2 
2208 20 24 20 24 1 3 0 0 4 2 0 1 3 7 3 0 1 3 0 0 
2144 12 24 12 20 4 0 5 3 0 0 3 1 0 1 0 2 3 0 2 0 
2176 20 0 20 0 2 3 1 3 1 2 1 0 0 2 3 2 8 7 1 0 
2144 12 24 12 20 3 3 1 5 3 3 2 3 5 1 0 0 3 3 2 3 
2176 0 28 8 28 1 3 0 7 0 2 1 1 3 18 0 5 3 2 2 2 
2144 0 20 4 16 2 0 3 0 3 1 2 0 2 1 2 0 2 1 2 2 
2208 8 16 16 24 1 3 1 0 1 2 1 3 2 1 1 3 1 1 3 0 
