10416 4 8 22 1 15 6 10 0 18 17 18 15 8 8 2 18 11 14 4 2 18 2 3 12 6 6 2 3 8 8 10 4 17 7 11 13 5 61 18 3 5 34 3 16 6 5 19 2 0 5 43 7 5 6 11 8 1 6 12 13 15 22 1 17 
10144 3 15 4 15 19 16 21 2 13 19 6 1 2 3 6 28 8 9 12 3 13 26 29 1 3 1 14 1 8 3 0 5 14 8 7 12 24 10 0 38 2 14 23 15 12 10 6 18 14 11 24 10 10 0 14 15 5 6 3 1 12 19 17 22 
10306 17 1 17 17 11 11 27 13 6 62 4 0 11 7 6 1 1 6 8 14 13 18 2 20 25 8 1 2 13 11 12 18 3 6 3 9 2 86 11 0 24 12 18 21 7 11 10 16 2 6 7 4 12 19 12 13 1 7 4 5 6 22 13 9 
10289 21 22 18 23 29 14 19 23 11 13 4 34 3 19 21 61 36 11 14 40 5 8 19 15 2 15 32 7 3 1 8 2 9 12 15 5 16 34 11 7 5 8 4 17 17 8 17 2 0 1 1 7 6 12 11 15 7 13 14 15 20 6 22 3 
10169 24 6 8 1 12 4 21 8 3 6 17 12 8 55 1 0 5 6 8 17 6 16 9 23 7 1 9 1 10 4 7 0 13 8 14 3 3 105 3 3 21 10 26 6 12 13 3 16 0 3 16 4 0 10 2 2 14 14 7 11 19 12 23 13 
10309 17 15 8 18 6 14 6 8 10 9 1 9 4 18 4 8 1 2 4 23 4 16 10 3 7 6 1 6 0 4 12 2 4 0 9 20 0 65 2 6 23 40 11 4 13 1 10 3 2 4 32 0 5 18 19 14 10 5 7 12 9 9 6 10 
10257 17 30 4 2 9 10 11 5 6 8 12 15 10 0 6 2 7 7 2 11 11 0 4 12 5 4 27 1 18 8 8 17 12 17 14 3 6 72 5 6 0 11 23 17 1 9 3 7 3 6 30 1 9 2 2 13 7 11 15 8 6 11 7 11 
10212 0 18 12 8 6 17 4 14 29 17 12 8 6 8 3 40 9 21 4 6 20 20 1 1 0 5 1 2 8 12 11 3 11 3 16 14 7 22 2 7 4 16 13 6 14 15 19 17 3 45 23 3 14 8 11 15 0 12 7 3 13 10 4 17 
10349 22 8 12 17 17 4 9 11 17 37 17 11 9 3 0 12 17 19 4 9 8 18 15 14 3 9 3 4 5 8 0 0 6 3 4 13 3 65 23 1 14 0 23 18 11 14 8 17 8 6 6 2 0 8 8 2 8 11 1 5 5 20 17 7 
10428 22 4 10 8 16 11 11 10 16 25 2 3 11 4 7 3 16 31 13 10 17 13 18 19 7 11 3 7 6 8 13 10 1 7 8 11 6 65 10 5 12 9 5 20 6 10 8 14 16 12 5 4 13 6 5 8 3 15 10 19 2 21 8 20 
10326 9 1 7 10 16 4 1 11 12 3 16 0 2 7 6 0 15 3 7 2 22 26 43 0 5 7 2 6 43 12 11 18 11 13 22 8 4 98 30 4 22 16 6 10 7 15 18 16 3 37 13 7 15 2 11 2 3 0 5 3 7 16 12 7 
10424 1 21 15 0 10 6 1 11 0 23 2 7 10 5 5 10 11 19 14 8 28 22 16 7 5 14 0 7 16 15 2 5 8 14 0 0 1 64 5 5 3 19 25 23 2 12 13 3 0 7 0 19 12 3 3 4 4 13 12 19 15 10 0 24 
10361 27 17 12 5 8 26 24 2 9 23 13 14 21 15 2 36 8 27 5 25 22 25 18 21 6 9 2 3 42 5 8 11 16 0 19 0 15 67 0 7 9 18 2 12 2 10 7 15 0 2 9 11 5 8 12 13 22 8 19 11 12 9 17 19 
10503 5 16 2 6 13 8 14 15 7 34 6 14 6 9 3 3 17 1 9 13 2 19 11 12 10 20 0 0 12 18 4 7 14 15 7 13 10 40 5 5 2 4 26 3 3 3 7 4 3 21 3 3 7 12 4 8 14 5 13 7 16 6 0 2 
10301 1 2 9 26 14 25 4 4 17 40 3 9 4 8 0 5 15 32 0 14 8 13 12 17 2 1 0 4 41 4 0 10 18 3 7 15 0 55 11 3 8 16 25 19 12 13 16 16 0 5 22 4 13 9 0 14 6 2 18 19 7 3 12 4 
