2625 11 1 5 7 4 1 1 6 2 3 9 4 0 7 0 4 
2595 10 14 6 3 0 0 3 1 8 0 5 5 17 0 7 9 
2562 9 6 21 2 5 5 21 5 3 13 1 7 1 4 4 9 
2576 1 5 1 0 3 1 4 2 6 1 7 1 0 3 4 2 
2656 0 6 5 0 0 3 0 5 5 31 1 4 0 6 7 9 
2642 5 26 5 2 5 11 1 1 7 4 8 2 1 3 0 0 
2598 11 2 3 2 3 1 2 2 7 10 9 3 1 3 2 0 
2568 3 19 8 11 3 5 0 7 1 1 7 2 6 6 3 1 
2612 1 1 15 0 0 5 3 7 4 24 4 5 2 1 3 10 
2636 14 0 7 3 9 9 0 0 6 17 1 0 0 3 1 11 
2459 2 3 2 62 6 1 1 6 5 3 7 2 0 5 6 4 
2678 9 5 5 2 21 10 0 5 0 16 1 3 3 0 3 3 
2656 0 26 2 1 4 7 4 6 3 10 1 0 3 3 1 10 
2643 3 2 0 3 5 2 10 0 1 1 10 2 2 4 3 6 
2550 4 6 3 1 19 1 2 0 1 50 3 7 2 0 1 10 
