7936 44 32 108 92 0 20 16 12 12 4 8 20 4 0 12 4 20 0 4 8 3 3 2 3 1 2 0 0 2 0 2 2 2 0 1 0 3 3 2 3 2 3 3 3 3 2 2 2 2 1 1 1 2 0 3 1 2 2 3 1 3 1 2 3 2 0 2 3 0 3 0 2 2 1 0 1 1 3 3 1 3 3 2 0 
7952 16 60 120 88 0 8 4 12 0 20 20 20 4 4 8 16 12 12 8 4 2 3 3 0 3 2 0 0 2 2 0 0 2 1 1 2 3 1 3 0 0 2 0 3 2 2 2 2 3 0 3 3 3 3 2 0 3 0 0 1 2 1 1 1 0 2 1 0 2 1 1 0 2 0 1 0 1 1 0 2 2 1 2 2 
7904 48 136 16 0 8 8 20 12 12 4 20 8 8 20 12 20 12 4 20 16 1 0 3 2 3 1 2 3 0 1 3 0 3 3 0 1 2 3 0 0 3 3 0 3 2 3 2 3 1 3 2 1 3 1 4 1 3 0 1 3 0 0 1 1 2 0 0 2 0 2 3 1 0 3 3 0 1 0 2 1 3 1 3 3 
7764 52 112 32 88 4 8 0 8 4 4 4 20 0 0 16 12 20 0 12 12 1 3 3 0 3 0 0 0 4 2 0 2 3 2 3 1 0 3 0 1 0 3 1 2 3 1 3 1 0 0 0 3 1 1 1 1 2 0 0 1 3 2 3 0 1 2 1 1 0 2 0 2 1 3 1 1 2 0 2 1 2 0 0 1 
7964 56 120 48 96 16 20 20 8 8 8 4 8 8 16 20 4 20 0 20 0 2 1 3 3 1 2 2 2 3 1 3 3 3 3 2 0 1 2 3 0 3 3 3 2 3 0 0 3 0 0 0 3 3 2 3 1 3 3 1 2 0 3 2 1 1 0 3 1 1 3 1 2 1 2 0 2 2 3 1 3 1 0 1 3 
7808 40 136 4 32 12 8 4 20 8 8 12 4 8 12 4 16 0 8 16 16 0 2 3 1 1 2 1 2 3 0 2 0 3 0 0 0 2 0 0 2 2 3 1 0 1 3 2 0 3 0 2 2 3 0 2 0 2 1 3 2 1 3 0 2 1 3 0 3 1 2 0 3 3 1 3 2 0 0 3 2 3 1 3 1 
7748 16 60 56 68 20 20 8 16 16 0 0 12 8 4 20 12 20 4 16 20 1 0 3 1 3 2 0 0 1 0 1 2 0 2 0 3 2 3 3 2 1 0 3 1 3 3 2 3 2 2 2 2 3 2 1 2 2 1 0 1 2 2 2 1 0 0 2 0 3 0 0 1 1 2 2 1 1 1 2 2 2 0 1 1 
7928 64 12 56 80 12 16 4 12 12 20 8 20 0 12 8 0 0 4 20 20 0 3 1 3 2 2 1 3 1 1 0 3 1 2 2 2 2 3 2 0 3 0 2 2 0 0 1 0 3 0 2 0 3 2 3 2 2 2 2 2 3 0 1 3 3 3 2 2 3 1 3 0 2 0 1 3 2 0 3 3 2 1 1 3 
7952 36 28 24 116 4 20 16 8 12 20 16 12 16 4 12 20 8 8 8 8 3 1 2 0 3 2 2 2 2 0 2 1 0 3 3 3 3 0 1 2 2 3 2 0 1 0 2 3 2 2 2 0 2 3 2 2 1 3 0 0 3 0 3 3 3 2 1 3 3 1 0 1 2 3 3 0 3 2 1 1 2 3 0 1 
7884 76 64 8 76 8 12 4 20 4 16 12 16 16 4 20 0 8 12 4 4 1 2 1 3 2 1 3 0 3 0 2 1 1 1 1 1 1 2 3 0 1 0 0 3 3 2 0 0 2 1 0 3 2 1 3 0 3 3 0 2 1 3 1 3 2 1 0 0 3 3 2 2 0 2 2 1 3 3 1 2 3 1 0 0 
8004 84 120 16 120 8 8 20 12 16 8 16 4 0 0 16 0 20 0 20 12 2 1 3 3 3 3 2 3 1 1 0 0 1 3 1 0 2 0 2 3 1 1 1 3 0 3 1 4 1 0 3 2 3 2 1 0 1 0 2 0 3 0 2 1 3 0 3 3 0 0 2 1 2 1 0 2 1 3 0 2 3 0 2 3 
7760 28 52 4 72 12 4 8 16 12 0 0 8 20 0 12 16 8 20 0 12 2 3 0 1 2 0 1 3 2 3 1 3 0 0 1 1 0 3 3 1 0 0 3 2 1 1 3 0 2 2 1 2 0 2 3 0 1 2 0 1 2 2 1 0 2 0 3 1 1 0 2 2 2 3 1 1 2 1 0 1 3 0 3 2 
7740 36 52 48 68 12 4 20 12 20 4 4 4 0 12 12 12 20 8 8 12 0 3 3 3 1 1 1 3 3 2 1 0 2 2 3 3 3 1 3 1 1 0 1 1 1 0 1 2 3 0 2 0 0 0 2 0 0 2 1 2 2 4 1 0 1 3 2 0 1 0 1 0 0 1 3 2 3 3 2 1 1 2 0 1 
7860 32 4 48 72 8 8 8 8 8 20 8 16 16 8 20 20 8 0 8 12 0 2 1 0 1 2 0 0 0 1 2 0 1 2 1 3 3 3 1 2 3 2 0 3 2 0 2 3 2 2 1 0 0 2 0 1 2 1 2 2 2 4 1 3 2 2 2 3 2 1 2 3 0 0 2 2 0 1 0 3 0 1 0 1 
7740 32 4 16 108 12 20 4 20 16 0 0 20 4 8 12 8 20 8 0 20 3 1 1 2 0 3 1 1 1 2 3 3 0 3 2 0 3 1 1 2 2 3 2 2 2 3 1 1 0 0 3 3 0 2 3 2 2 2 0 3 1 0 2 3 3 3 3 3 1 2 1 0 2 1 3 0 0 2 1 2 3 2 0 1 
