7680 160 64 96 64 24 4 12 16 24 20 20 24 16 8 0 8 4 0 16 12 0 1 1 1 2 3 3 3 0 0 3 3 6 2 0 3 2 2 4 5 3 2 3 3 2 0 2 0 2 1 2 1 2 0 3 6 1 3 0 6 1 1 3 2 1 3 1 0 2 2 3 0 0 3 1 3 3 2 3 3 3 3 0 0 
7680 192 192 96 64 28 16 8 8 12 16 0 4 20 16 24 0 4 24 24 4 4 3 3 2 2 3 2 0 0 3 3 3 0 5 2 1 2 1 0 2 3 1 2 1 1 3 0 2 1 3 3 2 3 4 3 1 0 2 3 3 3 1 1 0 2 7 2 3 3 3 2 3 0 3 3 0 1 3 3 0 0 1 3 1 
7424 128 64 32 64 24 4 16 8 8 28 0 0 16 28 4 16 8 0 28 4 0 3 0 0 2 4 3 0 3 3 2 2 1 2 3 2 2 0 2 4 1 3 2 1 1 2 1 1 2 1 2 2 3 1 3 0 0 2 0 3 4 2 2 1 2 3 1 1 0 3 2 3 1 1 4 0 1 2 3 0 0 0 0 2 
7680 128 96 128 0 0 4 16 8 4 24 24 12 20 0 28 20 20 0 4 0 2 2 1 1 1 2 3 2 1 3 1 0 3 0 0 0 3 3 1 1 2 1 2 1 2 0 3 1 3 2 1 1 3 2 1 3 1 1 3 0 5 1 2 2 0 4 3 0 3 0 1 3 1 0 2 2 0 3 3 0 3 1 2 0 
7424 128 64 96 224 28 24 0 8 24 12 12 12 24 12 24 12 24 0 16 16 2 3 3 1 0 3 4 2 2 2 1 2 3 4 1 0 2 0 1 1 1 1 0 2 1 0 0 0 1 1 1 1 1 3 3 0 2 3 4 11 2 3 1 3 2 1 1 2 2 5 2 1 3 3 0 0 1 2 1 2 3 3 0 3 
7680 224 224 64 32 4 4 8 12 16 20 16 32 20 28 28 8 12 16 0 12 4 1 0 5 5 2 4 3 2 6 4 1 1 1 1 2 3 5 1 0 0 3 2 1 4 1 3 2 1 0 0 3 1 2 2 7 6 1 0 2 2 0 2 1 0 3 3 0 3 1 1 2 0 1 3 1 0 3 1 3 2 2 2 2 
7424 160 96 32 64 4 24 16 8 4 28 28 28 0 16 16 28 20 0 16 28 0 2 3 0 3 1 1 0 3 2 1 1 0 3 4 1 3 2 3 3 0 3 2 0 0 1 1 1 3 2 0 3 2 3 2 4 0 2 0 3 2 0 1 0 1 1 2 0 0 1 2 0 1 1 4 2 2 2 2 0 2 2 2 3 
7424 192 32 96 224 20 8 0 0 4 0 12 28 24 8 24 8 12 0 0 4 0 0 1 1 1 1 0 2 0 0 3 2 1 0 10 0 3 1 3 1 1 0 2 1 1 0 2 0 0 1 3 4 1 0 3 1 0 2 2 4 0 0 2 1 2 2 2 2 1 2 2 2 2 2 0 4 5 5 0 2 3 3 2 2 
7168 128 32 64 0 16 24 8 0 4 12 8 12 8 12 12 20 28 4 4 24 4 3 0 2 1 3 0 1 2 3 2 1 0 1 1 2 2 1 2 0 1 2 2 1 1 6 2 1 1 3 2 2 0 0 0 3 1 1 3 4 3 5 2 0 3 2 2 0 2 1 0 0 2 2 3 1 3 0 3 3 3 3 0 0 
7424 160 32 32 32 0 0 24 28 24 28 28 0 12 4 8 28 0 12 12 20 4 1 2 0 2 2 2 2 3 0 1 0 1 1 1 0 3 0 1 3 1 3 4 2 3 3 2 3 4 1 1 1 1 0 0 3 1 3 0 2 3 1 0 2 0 0 3 1 3 2 0 0 2 2 3 2 2 0 2 2 1 3 2 1 
7680 160 96 64 32 16 24 24 4 28 0 8 0 8 16 8 0 28 20 24 24 2 3 1 1 2 3 3 3 0 1 5 3 3 0 1 2 0 1 1 2 1 1 2 2 2 0 3 1 1 3 2 2 0 2 1 2 1 1 0 3 0 1 1 0 1 1 0 0 3 1 0 3 0 1 3 3 3 1 0 1 3 3 1 0 
7680 128 64 96 32 0 24 0 12 4 12 8 16 24 16 24 4 24 8 8 8 7 3 3 3 3 3 3 1 3 3 2 2 4 3 1 4 0 3 4 2 3 1 3 3 2 2 2 2 3 3 0 3 2 0 0 3 3 0 1 6 0 2 1 0 0 0 3 2 3 1 0 1 2 1 0 0 1 2 3 0 1 2 0 1 
7168 128 32 32 32 8 20 0 4 12 0 8 20 20 24 4 24 12 12 8 8 2 3 1 1 3 1 3 1 1 3 1 2 0 2 2 3 0 5 2 3 0 3 3 2 0 2 2 0 0 3 1 1 0 1 2 2 1 5 0 5 0 1 3 0 2 0 3 2 1 5 2 2 0 3 3 2 2 1 2 0 3 2 2 0 
7936 192 96 128 0 20 16 24 28 4 24 24 4 8 12 28 24 4 12 20 12 0 0 1 0 0 0 1 2 1 1 2 3 1 3 2 2 7 0 2 3 2 3 0 1 3 3 2 4 2 0 2 1 1 0 3 9 1 2 1 3 1 0 3 1 3 3 0 2 3 3 0 1 2 2 2 1 1 0 3 2 2 3 1 3 
7424 128 96 96 96 0 8 24 4 8 24 0 0 4 20 12 0 28 4 12 20 2 3 3 1 3 3 0 3 1 2 2 3 0 2 3 2 0 2 0 2 1 3 2 3 1 3 1 1 3 0 3 0 1 0 1 1 3 0 0 1 0 3 3 1 1 3 3 1 2 2 1 3 3 0 1 0 2 1 2 2 1 3 3 2 
