2988 11 4 10 6 11 10 2 5 1 1 10 2 15 4 1 3 0 4 4 1 4 1 0 12 14 11 3 6 8 6 14 6 12 6 15 14 
2919 13 6 5 4 15 16 14 3 1 7 8 9 2 4 2 1 3 14 12 6 7 3 5 5 2 7 2 3 2 7 16 5 8 7 2 1 
2899 2 8 6 15 12 7 10 8 7 0 6 7 5 4 3 3 6 14 12 7 3 2 6 13 11 4 5 1 3 1 17 0 12 14 6 3 
2946 9 8 1 2 5 8 12 9 7 2 1 6 1 0 3 2 6 5 6 0 1 1 6 4 4 8 7 5 6 7 17 13 9 14 1 8 
2967 18 7 5 3 3 16 2 4 6 5 11 14 11 7 3 0 7 10 11 6 1 2 3 8 4 3 6 4 2 2 11 3 0 4 8 4 
2924 15 4 7 0 4 14 9 4 0 5 2 1 15 0 1 3 4 2 10 1 1 2 5 10 15 0 2 3 5 0 0 7 13 5 5 18 
2889 11 14 8 7 1 10 7 4 0 5 4 15 7 1 2 1 1 8 2 2 1 3 1 3 4 2 0 7 1 9 13 5 9 8 7 7 
2895 16 15 9 6 7 2 9 4 6 7 11 6 1 0 1 2 7 3 13 6 1 0 0 4 11 10 6 6 4 10 10 2 4 12 11 19 
2852 16 15 11 0 0 0 0 11 0 3 1 8 1 3 1 17 0 6 11 0 0 3 6 11 6 11 0 2 8 6 13 1 15 8 14 9 
2884 18 14 14 9 10 13 3 3 5 0 3 7 9 6 5 2 2 8 11 7 1 3 5 1 13 1 4 7 6 12 11 14 5 13 8 18 
2942 10 8 3 8 10 6 10 2 6 5 11 15 11 2 3 3 2 0 8 6 3 0 0 7 7 6 7 3 2 12 7 4 1 2 6 7 
2962 14 9 11 0 6 8 12 11 3 7 8 14 12 6 1 0 0 7 0 1 1 3 7 5 10 1 7 7 5 10 3 6 13 11 5 12 
2937 7 3 15 12 6 11 9 7 0 4 10 7 14 0 0 3 3 15 10 5 3 0 5 5 14 3 2 1 5 10 14 2 3 6 0 1 
2800 10 11 5 6 0 8 0 6 7 2 0 15 6 6 3 1 6 8 6 2 3 4 5 4 8 1 2 2 5 3 16 5 3 10 14 17 
2902 7 7 6 11 11 13 5 0 6 6 3 11 7 7 0 0 6 15 9 5 2 0 1 13 3 6 2 4 8 10 5 0 12 5 4 4 
