1824 7 0 7 7 4 2 0 5 3 2 0 5 4 2 0 9 
1787 4 2 7 5 5 3 1 0 7 3 3 5 5 6 7 4 
1806 6 2 0 9 7 3 3 3 0 0 2 3 4 1 0 1 
1809 0 4 6 5 4 1 3 2 7 3 3 2 3 4 6 5 
1814 8 4 7 4 2 0 0 0 3 0 1 3 1 1 7 2 
1761 10 4 0 3 1 2 0 3 4 0 1 0 5 1 3 2 
1864 0 7 3 7 7 3 3 2 5 2 1 5 2 1 5 10 
1772 2 4 4 8 6 2 1 0 1 1 2 6 3 1 6 11 
1800 1 3 7 4 6 0 4 2 6 0 0 0 2 3 5 1 
1806 8 2 5 2 6 0 1 4 0 0 3 6 3 6 7 10 
1811 8 7 4 5 7 2 2 7 1 0 2 2 1 6 0 3 
1719 9 4 1 2 6 1 0 5 0 1 0 0 7 6 1 0 
1843 9 7 4 8 2 3 0 6 0 3 2 4 1 5 6 3 
1772 2 3 7 7 5 0 2 4 5 3 1 3 9 4 0 1 
1834 8 4 7 1 4 2 0 4 5 1 1 7 7 2 1 9 
