301 28 17 47 37 32 32 9 10 1 9 42 18 0 7 0 0 20 7 13 20 29 76 5 14 3 2 29 8 24 20 6 38 34 6 5 6 7 72 15 7 41 27 26 55 7 9 29 38 1 2 1 7 21 22 19 46 5 19 41 38 30 2 13 46 

309 28 44 43 43 37 20 21 4 47 29 6 17 10 3 1 3 10 35 14 16 46 80 22 14 1 4 44 2 21 2 2 29 4 0 50 12 1 53 16 4 7 21 85 13 8 16 19 5 1 8 5 13 19 9 22 21 21 22 29 31 26 44 19 11 

337 61 36 3 14 48 31 10 3 6 27 24 10 11 3 3 1 17 31 3 11 55 70 19 18 7 5 1 0 5 25 11 23 33 19 31 10 2 21 6 4 46 34 16 39 16 20 41 21 4 7 2 7 14 7 6 32 13 22 5 26 15 10 63 67 

301 85 32 29 29 26 23 22 6 35 15 21 21 8 0 5 7 32 28 22 1 48 74 12 14 2 11 20 6 11 15 11 30 8 23 36 27 6 11 8 5 32 35 18 43 11 0 24 37 0 0 0 12 18 30 3 48 15 9 24 19 17 5 17 83 

360 31 28 45 36 2 11 20 22 51 3 18 0 11 6 5 2 28 33 13 20 14 78 43 46 5 7 1 7 10 48 16 25 43 5 4 14 1 1 6 3 28 20 31 22 18 8 24 0 1 6 3 14 12 39 15 13 2 26 7 19 31 1 45 55 

305 66 26 8 23 4 29 27 11 20 2 44 17 12 6 5 5 22 45 21 6 15 58 9 30 8 2 25 3 19 42 8 16 8 7 11 18 3 0 7 6 24 34 43 10 27 5 0 34 0 4 5 0 20 15 13 30 6 9 17 43 40 23 40 68 

302 87 20 55 38 5 39 7 8 1 3 38 1 5 2 2 0 19 27 12 14 57 24 27 52 2 11 17 6 17 29 2 17 38 13 38 25 4 46 2 6 44 22 71 40 21 6 21 38 3 0 6 3 8 14 17 25 20 18 37 29 11 42 55 63 

301 21 15 58 28 51 23 21 21 12 23 16 7 11 7 4 0 12 19 6 26 43 86 28 20 4 11 0 0 32 27 10 19 37 1 42 2 1 1 9 6 63 46 12 59 1 15 11 40 1 5 0 10 13 1 12 17 15 7 39 19 8 22 41 53 

318 25 8 46 27 23 17 20 9 49 30 18 18 13 1 4 8 10 47 9 16 32 74 28 29 7 4 1 4 17 51 14 31 3 10 30 27 1 24 4 5 44 31 79 48 13 3 28 7 2 4 4 3 1 34 8 22 15 27 21 32 38 15 59 61 

301 13 22 56 31 11 9 9 21 31 11 20 9 8 3 0 0 33 11 21 25 57 80 44 53 0 10 1 6 7 47 15 28 19 15 13 15 8 55 13 5 25 14 21 8 12 21 40 20 1 5 1 3 3 24 12 43 8 25 26 19 11 5 49 62 

301 37 6 51 1 17 13 18 8 33 6 27 15 14 4 0 9 16 26 8 16 55 78 37 15 7 0 2 0 6 21 14 32 23 15 12 19 5 0 0 4 16 3 24 55 28 17 1 33 1 5 7 4 0 40 16 4 6 2 2 24 20 6 9 79 

301 36 27 51 9 51 33 13 0 44 17 36 15 5 7 3 3 16 31 5 4 45 57 32 35 4 0 25 7 25 5 8 22 35 10 1 26 7 25 15 4 25 3 21 54 8 9 38 0 0 0 1 4 15 39 2 45 9 4 1 5 41 65 23 11 

301 62 24 14 2 36 31 8 10 34 25 18 11 14 6 7 0 32 43 9 16 47 64 29 27 3 0 3 5 12 34 4 38 7 12 16 0 7 45 14 7 37 22 37 19 14 12 22 21 1 5 6 5 17 31 24 27 15 1 24 26 26 32 47 80 

315 14 37 35 18 34 19 21 10 8 5 12 11 3 4 6 1 21 18 5 30 58 73 5 16 7 8 14 6 26 51 2 35 9 1 47 20 0 84 3 0 14 4 10 1 22 15 10 0 8 8 7 3 12 22 25 7 13 23 25 25 37 0 49 13 

317 50 20 17 17 6 40 23 21 24 7 16 13 6 6 7 1 23 32 20 30 7 60 40 19 1 11 2 1 0 15 4 27 22 0 7 17 8 65 5 7 31 17 19 47 7 21 28 13 18 2 1 13 4 19 26 30 16 23 26 15 8 8 39 2 

