301 113 102 89 120 90 98 148 75 64 113 129 83 107 72 126 139 74 153 62 105 135 90 55 73 138 104 9 79 8 100 38 55 112 62 107 96 79 107 108 8 74 117 132 80 5 19 12 13 24 16 17 24 42 13 23 8 17 24 17 9 9 2 4 54 141 65 89 117 94 102 146 52 68 9 31 18 42 98 12 18 108 82 111 119 149 32 102 77 98 131 137 77 97 106 105 76 23 49 11 15 53 82 30 15 5 5 0 5 18 6 7 17 26 60 65 25 94 86 106 73 43 88 15 88 115 63 134 84 129 74 93 101 2 48 16 53 142 144 84 55 116 52 66 8 10 7 25 23 0 30 1 5 0 4 79 34 16 14 26 24 100 107 81 170 87 113 81 151 72 95 110 51 147 124 52 66 0 73 91 91 41 60 5 7 164 112 88 82 103 71 101 87 1 8 0 7 6 7 10 24 5 10 29 44 27 13 27 27 16 63 5 95 121 72 97 93 9 10 82 107 121 63 102 108 10 73 16 0 36 0 97 111 55 139 78 79 107 82 111 61 87 86 69 168 87 72 110 97 116 130 98 56 128 74 74 76 

301 105 90 123 98 111 72 104 59 100 146 98 113 119 97 119 89 142 82 86 139 138 74 53 118 113 96 76 2 15 61 4 46 102 78 126 115 107 25 70 68 97 110 105 112 101 59 17 38 32 62 50 24 25 30 2 7 32 13 35 9 14 5 8 1 62 126 121 107 113 86 117 85 93 105 57 73 118 118 44 76 77 107 109 113 159 78 93 103 127 110 112 67 100 78 129 67 0 34 22 8 41 24 30 19 4 2 19 8 14 35 18 27 111 55 22 114 110 74 129 79 61 1 43 62 85 79 119 79 49 94 146 87 51 31 18 45 56 121 134 69 84 32 113 3 15 7 14 27 8 0 7 6 65 35 38 14 9 4 42 7 107 67 93 141 73 124 84 123 113 73 87 115 127 83 112 86 76 81 89 1 40 31 97 56 105 115 112 77 96 101 121 58 1 2 5 0 16 3 10 17 18 17 35 34 12 4 17 25 51 86 0 22 108 94 105 81 83 106 3 57 126 81 131 91 34 79 7 106 24 89 120 73 90 118 132 72 84 66 132 110 94 89 131 121 54 84 135 74 106 87 91 91 84 94 164 43 

301 107 80 100 149 114 92 98 48 114 92 115 74 106 73 115 123 78 90 141 149 108 78 154 75 104 104 45 57 72 39 38 29 124 71 116 117 97 86 111 43 119 97 97 42 9 76 32 3 50 9 28 6 11 41 12 0 7 19 7 19 10 0 8 0 139 78 83 123 108 92 100 68 7 97 66 12 79 132 71 21 139 89 112 123 120 69 109 75 97 90 72 43 122 97 131 79 33 24 13 21 64 52 7 19 5 15 5 2 23 28 13 31 104 131 35 101 107 54 85 52 10 114 12 101 132 78 121 79 127 102 134 100 88 23 84 78 75 122 115 88 10 89 99 21 30 13 5 7 7 1 5 0 65 30 81 34 17 15 26 26 121 68 129 105 122 116 80 101 83 114 102 41 131 105 87 70 69 62 127 107 7 1 22 95 131 106 84 41 78 61 117 76 4 7 0 14 20 42 5 14 3 5 3 18 17 43 7 39 72 60 28 54 84 86 91 81 54 95 104 86 120 54 127 74 4 75 33 26 21 8 53 89 81 68 100 76 126 109 69 123 111 96 96 116 102 80 124 82 119 125 84 82 114 88 111 53 

301 116 78 121 103 101 47 104 88 81 148 105 72 110 80 94 117 134 81 98 105 58 78 131 121 135 95 73 56 73 85 50 6 125 85 121 121 110 112 129 77 106 83 103 104 102 1 34 3 30 64 51 40 9 14 10 15 35 0 24 18 15 3 4 2 118 91 82 125 117 41 119 67 47 12 40 56 77 150 71 0 161 91 93 81 107 92 89 61 124 140 100 101 131 80 114 83 11 26 22 25 49 22 27 42 0 0 2 8 22 27 16 23 2 76 51 115 127 71 132 84 37 82 29 77 110 83 71 110 100 47 126 104 91 58 21 43 73 98 157 121 89 85 108 112 9 8 38 23 4 13 6 6 6 33 78 43 20 10 7 15 107 110 61 88 65 100 79 114 155 105 96 59 98 82 122 73 88 86 104 47 64 4 3 96 114 113 113 74 89 81 107 96 1 4 2 13 9 37 5 23 13 4 26 41 12 21 60 27 18 52 24 45 134 59 99 84 2 123 52 98 101 82 122 83 27 33 31 11 18 15 5 42 69 51 154 48 87 64 106 57 107 121 111 101 99 88 110 94 105 129 108 98 137 65 96 72 

324 95 85 138 110 75 132 78 87 126 116 115 63 85 71 128 137 104 66 116 149 116 68 99 71 136 44 93 89 10 3 27 1 118 109 121 101 96 19 114 75 118 120 117 66 4 47 104 68 6 60 59 6 48 35 14 4 38 24 33 6 5 6 1 11 117 70 85 78 125 115 140 85 12 86 61 0 64 121 90 16 90 102 104 138 110 55 128 95 78 113 65 104 88 68 119 68 15 10 21 25 40 10 8 46 2 12 1 6 1 0 5 35 4 67 11 90 135 88 127 79 22 110 48 72 101 90 110 81 82 61 113 101 31 24 110 27 107 118 109 79 86 60 91 13 32 10 36 17 1 3 5 2 22 20 85 25 0 21 31 38 116 62 111 103 94 122 80 165 109 105 107 117 105 69 126 77 87 15 87 81 8 12 8 63 128 120 63 56 150 91 81 71 1 0 1 7 6 31 11 10 16 16 10 21 27 5 18 22 66 79 36 86 117 68 104 72 11 6 77 83 162 85 29 120 30 59 17 86 23 18 23 77 126 100 107 37 117 75 124 37 142 95 40 105 115 78 97 102 109 124 66 102 115 52 103 67 

311 80 90 137 117 92 102 111 105 121 147 100 61 106 87 119 103 85 92 95 97 122 95 90 84 116 16 105 86 107 89 39 72 85 129 127 35 89 18 114 6 119 110 108 78 7 16 4 68 11 6 53 22 0 23 12 18 10 9 20 3 14 1 6 5 137 83 120 105 103 93 102 66 101 1 65 0 75 149 77 98 116 56 101 133 144 64 86 99 90 69 101 105 119 72 113 79 34 31 18 20 26 17 22 11 6 12 44 2 17 7 3 41 90 77 26 2 98 96 73 82 27 9 27 67 132 77 115 85 87 85 136 117 15 8 28 7 112 124 121 60 96 2 64 115 43 2 29 15 0 12 9 7 13 7 78 2 22 6 28 17 82 88 131 126 64 110 66 118 130 112 95 71 98 115 82 48 99 11 124 119 49 54 103 84 96 129 113 87 106 81 132 82 0 6 4 5 1 16 7 25 17 7 30 4 24 43 17 25 69 76 40 0 65 78 121 63 55 124 3 132 140 126 114 100 52 8 73 115 31 89 104 101 131 111 105 67 100 81 97 71 81 71 100 87 67 23 131 86 106 116 110 74 102 48 114 77 

320 133 100 75 89 128 109 95 81 92 112 98 169 107 116 48 98 111 77 98 131 107 82 105 75 105 104 98 29 0 84 64 24 120 80 109 73 93 63 14 17 130 110 146 46 79 50 41 20 16 1 44 42 4 35 27 6 9 24 37 5 11 7 6 15 129 89 117 91 115 46 129 113 7 66 2 16 83 139 81 108 110 91 117 89 143 77 92 93 97 94 136 72 71 95 116 51 22 28 10 18 56 15 43 51 1 8 6 8 7 19 16 43 106 81 62 114 107 104 127 88 13 95 62 75 79 52 124 81 74 89 109 122 12 54 4 54 117 134 113 34 100 78 114 114 16 14 31 24 6 1 11 4 5 39 77 15 11 21 3 31 80 127 105 75 62 18 80 134 139 118 122 62 120 91 107 84 94 77 109 123 30 4 3 8 147 121 70 49 52 73 115 49 1 8 5 8 12 27 27 26 21 26 3 44 32 12 16 68 65 84 11 23 95 81 101 60 81 121 72 109 138 83 102 75 13 37 108 15 23 61 89 92 106 112 132 87 101 116 141 49 128 81 95 120 135 100 86 67 111 107 100 73 100 97 95 64 

301 94 112 133 97 70 57 118 100 111 132 89 65 114 78 134 84 91 107 89 142 144 97 65 42 131 88 86 68 6 52 34 43 103 101 107 117 114 84 11 22 135 62 52 90 100 23 85 49 6 38 45 14 37 37 18 3 16 24 38 0 5 2 6 0 94 83 108 90 123 47 133 46 31 108 23 18 71 7 88 94 159 55 73 89 164 101 125 88 115 123 129 84 108 66 103 100 6 14 15 11 58 17 17 17 0 6 4 0 28 28 20 26 16 86 91 128 84 68 102 86 40 97 1 7 100 98 132 80 133 112 84 107 17 16 22 2 80 135 114 53 116 13 50 114 15 20 14 17 6 0 5 6 31 17 86 3 5 2 38 12 103 75 106 62 117 139 44 142 105 146 105 48 137 87 116 67 106 63 110 118 39 55 91 85 116 101 109 104 136 98 112 39 4 4 3 4 21 29 12 37 2 18 15 38 12 28 11 79 46 87 26 114 78 53 109 94 57 6 78 121 99 86 103 86 60 0 18 94 51 16 93 138 109 108 91 58 45 47 106 132 94 126 84 78 114 73 81 78 113 131 83 87 157 81 47 94 

301 149 77 86 116 99 107 115 83 98 116 101 116 109 75 101 120 123 85 97 97 133 51 110 65 78 113 1 84 105 85 52 48 117 43 68 140 107 12 112 85 104 108 114 82 74 33 4 10 32 21 1 21 32 43 19 13 28 24 12 22 5 6 7 5 117 109 127 107 108 77 107 95 26 91 42 11 53 151 88 100 113 57 107 108 139 68 108 87 119 120 97 76 93 73 124 58 23 35 22 19 34 46 24 2 4 4 1 4 21 31 15 28 0 86 26 117 125 97 87 74 34 96 40 85 89 94 123 66 94 110 118 121 90 2 52 74 89 106 87 64 122 87 97 115 36 18 21 16 1 0 14 8 6 44 70 13 5 6 29 32 101 83 129 117 89 85 117 139 127 86 100 83 107 93 90 85 38 5 90 97 16 32 8 44 88 111 128 95 130 84 84 100 51 7 4 10 4 15 9 31 8 8 5 6 23 23 7 41 10 83 6 20 115 85 81 71 73 7 78 80 118 78 142 70 43 29 92 26 13 83 18 101 111 75 112 34 93 75 102 54 130 73 109 111 73 65 124 71 123 82 112 89 126 24 101 91 

319 88 89 83 123 111 42 62 93 126 121 118 84 121 83 106 111 123 76 139 118 133 82 112 87 108 94 115 9 87 95 78 38 77 85 111 107 88 15 103 89 116 93 114 111 110 78 25 11 73 10 65 23 39 30 16 15 35 5 31 10 10 0 4 0 68 116 115 94 105 69 110 89 102 110 57 2 81 138 78 93 118 87 93 138 79 107 113 68 121 131 116 72 109 73 114 78 15 9 22 29 35 21 4 29 3 12 1 0 10 44 12 5 14 89 11 106 105 79 91 91 51 103 59 81 148 68 97 107 121 84 86 69 2 55 91 51 108 102 116 66 7 41 116 14 25 18 51 18 3 0 11 2 10 27 79 20 21 10 40 8 140 72 76 117 80 56 70 122 91 129 109 83 78 106 152 47 28 72 148 85 31 8 11 76 121 106 97 74 119 73 106 63 0 7 3 10 22 12 3 17 22 13 41 16 6 32 13 45 41 80 33 10 116 59 145 98 2 121 81 109 103 41 137 81 7 4 101 79 68 71 116 109 70 95 125 86 117 130 121 87 106 77 75 113 120 84 133 105 60 160 106 39 66 38 108 78 

340 86 104 119 165 81 114 116 89 47 80 118 73 104 83 106 102 90 71 125 96 136 104 78 60 87 42 62 38 114 46 42 30 130 134 86 92 81 24 111 90 157 51 78 59 4 72 12 1 26 26 26 44 13 29 18 4 4 20 2 19 4 5 2 32 81 53 99 99 88 71 103 127 48 13 10 8 10 49 82 90 85 67 119 113 145 38 77 55 125 136 47 85 50 99 136 97 41 9 4 18 56 21 39 49 8 2 1 2 9 30 16 25 96 113 21 103 155 61 101 83 36 73 37 76 87 112 107 78 112 149 112 93 93 7 102 1 106 100 121 64 120 16 105 97 41 3 3 28 3 1 4 5 5 16 31 54 20 8 1 26 109 119 96 66 72 120 73 121 112 116 118 80 125 40 98 111 111 75 107 90 47 47 103 96 117 113 100 93 88 60 128 77 1 1 1 6 9 18 2 46 5 14 1 4 41 34 26 6 22 83 31 26 100 91 105 87 49 112 63 138 120 50 97 98 6 7 7 68 35 28 128 33 105 33 73 63 106 46 105 74 62 80 110 98 88 69 119 83 140 114 137 41 114 88 110 44 

301 130 82 105 124 133 51 86 74 102 80 86 133 110 64 97 122 113 81 117 74 120 75 108 91 108 20 85 85 113 96 12 9 112 81 95 121 112 98 115 0 132 126 80 66 98 61 83 13 17 10 52 5 35 37 22 15 48 28 6 1 15 6 6 1 108 48 136 108 134 107 141 51 7 82 12 0 93 135 85 77 104 75 104 105 155 70 79 81 98 84 99 114 145 89 108 86 40 29 21 2 43 15 15 25 0 2 37 3 0 24 16 30 10 61 26 98 119 94 118 87 41 91 4 0 94 62 105 110 94 110 118 102 72 29 114 8 128 80 93 80 9 84 72 31 33 17 7 23 6 4 0 4 52 10 38 54 25 7 27 34 87 56 105 164 73 114 82 133 137 118 86 67 134 84 107 96 113 84 101 91 52 71 105 104 101 109 87 78 83 80 135 72 3 5 1 7 18 11 7 40 4 8 26 20 35 15 15 20 36 12 37 109 122 116 78 59 13 24 76 107 108 72 126 68 49 7 6 104 75 90 2 96 125 68 104 79 98 83 106 33 132 73 98 99 124 81 153 48 73 120 104 82 89 78 107 82 

301 105 93 95 105 107 49 120 46 134 89 56 86 157 75 109 134 146 7 116 112 141 72 85 65 1 82 72 75 102 68 54 14 126 98 123 113 80 9 102 88 102 123 114 72 61 3 29 58 61 20 54 39 48 24 3 9 26 25 43 21 9 6 7 1 98 91 115 131 78 93 124 91 16 88 23 63 76 149 59 2 103 94 139 133 88 85 145 78 94 106 69 98 90 61 103 72 33 14 21 10 44 73 21 53 2 7 1 1 3 46 18 27 13 69 53 83 133 94 83 51 65 39 66 74 140 73 83 79 86 73 103 113 101 61 18 78 107 70 134 67 26 63 117 9 19 8 42 18 3 3 11 5 19 1 9 15 16 8 27 31 110 66 108 114 65 135 50 142 108 102 119 66 88 88 95 107 105 56 96 110 76 26 41 79 111 86 80 61 91 107 90 121 25 0 1 0 18 3 27 1 10 28 1 15 32 4 54 57 41 91 70 85 125 96 21 72 62 10 74 127 159 88 106 69 14 67 39 81 23 107 98 73 104 130 72 106 105 92 120 80 98 66 155 60 100 75 135 81 108 118 105 81 116 82 105 86 

328 147 101 69 98 102 41 108 78 122 100 126 66 112 54 136 99 111 64 111 131 124 72 87 78 103 104 46 79 25 89 19 31 103 89 80 88 137 87 124 71 145 117 66 79 108 55 99 45 39 29 48 14 6 30 7 12 42 9 43 4 2 4 3 29 114 98 114 71 124 81 75 125 90 115 67 77 67 129 82 93 87 81 139 83 105 86 101 74 101 85 94 120 131 90 111 71 27 22 19 20 42 17 19 17 3 2 1 4 20 30 14 31 110 67 13 114 106 93 125 77 33 81 55 106 117 94 115 52 121 87 101 137 103 13 29 4 119 110 71 59 79 8 149 9 13 9 21 18 3 1 1 7 44 29 26 55 15 2 12 43 156 79 84 120 45 67 62 133 106 117 109 69 92 64 130 77 108 33 132 52 30 10 15 99 111 121 106 71 158 58 76 76 6 6 0 14 9 22 11 27 18 7 38 49 11 56 57 19 50 84 43 112 87 75 121 77 2 120 92 73 104 86 127 87 6 0 75 1 28 84 114 64 107 106 108 73 105 83 126 72 131 93 132 85 77 75 96 63 104 117 65 58 94 87 120 73 

321 120 86 112 128 63 73 110 73 108 86 91 71 109 112 117 76 142 48 130 122 108 120 105 95 100 107 6 78 71 43 11 2 137 75 115 110 68 11 88 92 99 136 108 40 9 19 83 45 83 48 48 14 48 26 28 16 9 2 41 2 4 3 6 1 103 76 139 92 115 76 92 78 107 7 35 77 116 150 76 0 102 87 120 128 48 102 135 99 64 153 102 99 92 47 91 102 22 34 12 18 43 62 13 41 6 2 7 0 12 17 14 10 104 104 81 122 122 109 146 44 25 109 2 5 98 72 124 99 103 85 117 107 79 12 25 65 101 120 124 85 111 52 104 9 44 16 38 27 2 1 8 7 61 31 28 23 9 12 11 35 138 47 95 135 113 98 72 95 87 105 116 78 116 91 120 44 108 78 120 123 31 16 45 88 65 131 48 126 87 74 107 80 36 4 1 8 15 19 10 26 18 19 26 51 21 53 14 71 41 106 37 2 109 79 133 50 80 8 96 108 72 72 121 72 40 76 88 33 33 1 125 79 110 83 83 76 107 98 103 66 119 82 93 165 125 80 103 93 101 57 114 77 102 52 101 63 

