301 1 8 5 1 5 5 1 7 6 1 13 8 1 7 6 15 

301 15 7 2 1 0 5 0 4 8 0 11 4 15 0 1 14 

301 14 4 7 0 7 8 0 3 1 0 14 1 4 8 8 9 

313 1 8 4 15 8 6 1 0 4 1 0 4 1 5 6 14 

309 3 3 2 1 2 7 1 8 8 1 11 1 0 3 6 0 

350 4 8 8 0 0 13 1 3 2 1 12 6 0 8 8 10 

333 1 4 0 0 1 10 6 6 1 6 2 4 1 5 1 2 

316 4 4 4 0 4 13 0 4 3 0 4 7 1 8 5 15 

301 1 0 8 0 2 1 0 4 0 0 10 4 1 2 4 12 

322 10 3 8 0 8 8 1 7 8 5 11 0 1 5 8 0 

304 8 6 2 29 1 1 3 4 5 1 5 5 1 1 5 13 

333 13 3 5 0 8 9 2 2 5 1 11 1 0 0 8 4 

336 13 8 2 0 5 4 1 2 6 1 0 8 1 8 0 1 

316 12 5 6 4 1 9 1 5 1 0 3 2 1 2 7 7 

304 6 6 0 1 2 0 1 1 0 1 1 7 2 8 8 12 

