512 64 8 8 8 8 1 1 1 1 1 1 1 1 1 1 1 1 1 1 1 1 
512 64 8 8 8 8 1 1 1 1 1 1 1 1 1 1 1 1 1 1 1 1 
140 26 5 5 5 5 1 1 1 1 1 1 1 1 1 1 1 1 1 1 1 1 
140 26 5 5 5 5 1 1 1 1 1 1 1 1 1 1 1 1 1 1 1 1 
512 64 8 8 8 8 1 1 1 1 1 1 1 1 1 1 1 1 1 1 1 1 
512 64 8 8 8 8 1 1 1 1 1 1 1 1 1 1 1 1 1 1 1 1 
140 26 5 5 5 5 1 1 1 1 1 1 1 1 1 1 1 1 1 1 1 1 
140 26 5 5 5 5 1 1 1 1 1 1 1 1 1 1 1 1 1 1 1 1 
512 64 8 8 8 8 1 1 1 1 1 1 1 1 1 1 1 1 1 1 1 1 
512 64 8 8 8 8 1 1 1 1 1 1 1 1 1 1 1 1 1 1 1 1 
140 26 5 5 5 5 1 1 1 1 1 1 1 1 1 1 1 1 1 1 1 1 
140 26 5 5 5 5 1 1 1 1 1 1 1 1 1 1 1 1 1 1 1 1 
512 64 8 8 8 8 1 1 1 1 1 1 1 1 1 1 1 1 1 1 1 1 
512 64 8 8 8 8 1 1 1 1 1 1 1 1 1 1 1 1 1 1 1 1 
140 26 5 5 5 5 1 1 1 1 1 1 1 1 1 1 1 1 1 1 1 1 
140 26 5 5 5 5 1 1 1 1 1 1 1 1 1 1 1 1 1 1 1 1 
512 64 8 8 8 8 1 1 1 1 1 1 1 1 1 1 1 1 1 1 1 1 
512 64 8 8 8 8 1 1 1 1 1 1 1 1 1 1 1 1 1 1 1 1 
140 26 5 5 5 5 1 1 1 1 1 1 1 1 1 1 1 1 1 1 1 1 
140 26 5 5 5 5 1 1 1 1 1 1 1 1 1 1 1 1 1 1 1 1 
64 8 8 8 8 1 1 1 1 1 1 1 1 1 1 1 1 1 1 1 1 
64 8 8 8 8 1 1 1 1 1 1 1 1 1 1 1 1 1 1 1 1 
26 5 5 5 5 1 1 1 1 1 1 1 1 1 1 1 1 1 1 1 1 
64 8 8 8 8 1 1 1 1 1 1 1 1 1 1 1 1 1 1 1 1 
64 8 8 8 8 1 1 1 1 1 1 1 1 1 1 1 1 1 1 1 1 
26 5 5 5 5 1 1 1 1 1 1 1 1 1 1 1 1 1 1 1 1 
26 5 5 5 5 1 1 1 1 1 1 1 1 1 1 1 1 1 1 1 1 
64 8 8 8 8 1 1 1 1 1 1 1 1 1 1 1 1 1 1 1 1 
64 8 8 8 8 1 1 1 1 1 1 1 1 1 1 1 1 1 1 1 1 
26 5 5 5 5 1 1 1 1 1 1 1 1 1 1 1 1 1 1 1 1 
26 5 5 5 5 1 1 1 1 1 1 1 1 1 1 1 1 1 1 1 1 
64 8 8 8 8 1 1 1 1 1 1 1 1 1 1 1 1 1 1 1 1 
64 8 8 8 8 1 1 1 1 1 1 1 1 1 1 1 1 1 1 1 1 
26 5 5 5 5 1 1 1 1 1 1 1 1 1 1 1 1 1 1 1 1 
26 5 5 5 5 1 1 1 1 1 1 1 1 1 1 1 1 1 1 1 1 
64 8 8 8 8 1 1 1 1 1 1 1 1 1 1 1 1 1 1 1 1 
64 8 8 8 8 1 1 1 1 1 1 1 1 1 1 1 1 1 1 1 1 
26 5 5 5 5 1 1 1 1 1 1 1 1 1 1 1 1 1 1 1 1 
26 5 5 5 5 1 1 1 1 1 1 1 1 1 1 1 1 1 1 1 1 
26 5 5 5 5 1 1 1 1 1 1 1 1 1 1 1 1 1 1 1 1 
