3328 80 48 32 64 10 10 2 12 10 6 8 4 0 6 2 0 6 4 10 4 0 1 1 0 1 1 1 1 1 0 0 0 0 0 0 2 1 0 0 1 0 1 1 1 1 0 1 0 1 1 1 1 1 0 1 0 0 1 1 1 1 0 0 0 1 0 0 0 1 0 1 1 1 1 2 1 1 1 1 0 1 1 1 0 
3584 48 80 80 64 6 2 2 6 12 8 14 14 12 6 14 10 0 12 4 10 0 0 0 1 0 0 0 0 0 1 1 2 0 1 0 1 1 0 0 1 0 0 1 0 0 1 0 1 0 0 1 1 0 0 0 0 1 1 0 0 0 1 1 1 1 0 0 1 0 1 1 0 1 1 1 1 1 1 1 0 0 1 1 0 
3200 64 32 32 16 0 12 4 14 0 4 10 14 10 4 8 2 4 0 6 6 1 1 1 1 1 1 0 0 2 0 0 0 1 0 1 0 0 0 0 1 0 1 1 1 2 1 0 1 0 1 1 1 0 1 1 0 1 1 1 1 0 1 0 0 0 1 0 2 0 0 0 1 1 0 2 1 1 2 5 1 0 1 1 0 
3328 16 32 48 48 6 0 8 2 2 0 10 10 6 4 14 6 10 4 8 0 0 1 1 0 1 1 0 1 0 1 0 1 0 1 1 1 1 0 0 0 1 0 1 1 0 0 0 1 3 1 1 0 1 0 1 0 0 0 0 1 1 0 0 0 0 0 1 0 1 1 1 1 0 0 1 0 2 0 1 1 1 0 1 0 
3072 48 48 64 16 12 2 14 0 14 8 8 6 12 8 14 14 4 14 2 10 0 1 1 0 0 0 1 1 0 1 1 0 1 0 1 0 1 1 0 0 1 1 1 0 0 0 1 0 1 1 0 1 1 1 1 1 1 1 0 1 0 1 1 0 0 1 0 1 1 1 1 1 1 1 0 0 0 0 1 0 1 0 1 1 
3328 16 48 32 32 14 12 2 12 2 12 8 2 4 4 8 10 2 0 6 4 1 0 0 1 1 0 1 0 0 1 0 1 0 0 0 0 1 1 0 0 1 0 1 1 1 0 0 1 1 0 0 0 1 1 1 0 1 1 0 0 0 1 1 1 1 0 1 0 1 0 1 1 1 0 1 0 1 0 0 0 1 1 1 1 
3328 64 80 0 32 8 10 2 4 6 0 12 12 2 4 12 6 4 10 12 12 0 0 0 1 1 0 0 2 0 1 0 0 1 1 1 0 1 1 0 0 0 1 1 0 0 0 0 1 0 1 0 0 1 1 1 1 0 1 1 1 1 0 1 1 1 1 1 1 1 1 0 1 2 0 1 0 0 1 0 1 1 1 0 0 
3328 48 48 64 0 14 0 14 10 8 0 6 10 8 8 10 4 0 10 0 12 0 1 0 1 1 0 0 1 0 0 1 1 0 1 1 1 1 1 0 0 0 1 0 1 1 0 0 1 1 0 0 0 1 1 0 3 1 0 1 1 0 0 0 1 1 1 1 0 1 1 1 1 1 0 1 0 0 0 1 0 1 1 1 0 
3200 0 16 48 48 2 4 14 14 0 14 4 2 2 8 2 8 14 10 14 2 0 0 0 0 0 1 1 1 0 1 0 0 0 1 1 1 0 0 1 1 0 0 1 1 1 0 0 0 0 1 0 1 0 1 1 0 0 1 0 1 1 0 1 0 0 1 0 0 0 0 1 0 1 0 0 1 1 0 1 1 1 1 1 1 
3328 64 64 32 48 6 0 0 12 6 6 10 4 14 4 14 2 4 14 8 8 0 0 1 1 1 1 0 1 0 0 0 0 0 0 0 0 0 1 1 2 0 0 0 1 1 2 1 1 1 0 0 1 0 1 1 0 0 1 0 0 0 0 1 0 0 0 1 0 0 1 0 0 0 1 1 0 1 1 0 0 1 1 1 0 
3328 48 64 16 16 8 12 2 8 4 14 8 10 6 8 4 6 4 6 12 4 0 1 1 0 1 1 0 0 0 1 1 1 0 1 1 1 0 0 0 1 1 0 1 0 0 1 1 1 0 1 1 1 0 0 1 0 1 1 0 0 1 0 0 0 1 0 1 1 1 1 0 1 1 0 1 1 0 1 0 0 1 1 1 1 
3328 64 48 16 80 14 10 4 6 12 14 6 14 10 0 0 10 12 6 2 12 0 0 1 1 1 1 1 0 0 1 1 0 1 1 1 1 2 1 1 0 0 1 0 1 0 1 0 0 0 1 0 1 1 1 1 0 1 0 0 1 1 0 1 1 0 0 1 1 1 0 1 1 1 1 1 1 1 1 0 1 3 0 1 0 
3200 48 32 0 48 12 2 8 6 2 6 8 12 12 4 10 8 4 6 4 4 0 0 1 1 1 0 1 0 1 1 1 0 1 0 1 0 0 0 0 0 0 0 1 1 1 1 1 1 1 1 1 0 1 0 0 0 1 0 1 0 0 1 1 1 0 1 1 0 1 0 1 0 1 2 1 0 1 1 1 1 1 0 1 1 
3328 64 32 16 48 14 12 14 0 4 4 4 10 14 8 14 0 14 2 6 10 0 0 1 0 1 1 1 1 1 0 0 1 0 1 1 0 0 1 0 0 0 1 1 0 1 1 1 1 0 1 0 1 0 0 0 0 0 0 1 0 0 1 1 0 1 1 0 1 1 1 1 0 1 0 1 1 1 1 0 1 0 1 0 1 
3456 64 48 48 16 12 0 2 14 0 10 0 10 14 4 0 10 10 12 0 4 0 0 1 1 0 1 1 0 1 1 0 0 0 0 0 1 1 1 0 1 0 1 0 1 1 0 0 1 1 0 0 1 1 0 0 0 0 1 0 1 1 1 0 1 0 1 1 0 0 1 0 0 0 1 0 0 1 0 0 0 1 0 0 1 
2432 80 80 32 96 8 4 2 14 0 10 12 4 14 4 2 6 2 2 2 8 0 1 1 0 0 1 0 1 0 1 1 0 1 1 1 0 0 1 1 1 0 1 1 1 1 0 1 1 0 1 1 0 1 0 1 0 0 0 1 1 0 0 1 1 1 1 0 0 0 1 0 1 1 1 1 1 1 1 1 0 0 1 0 0 
2560 48 112 112 0 10 14 2 4 0 10 10 12 2 12 10 0 8 6 0 0 0 0 1 0 0 0 1 1 1 0 0 0 0 0 1 0 0 1 0 1 1 1 1 1 0 1 1 1 0 0 0 1 0 1 1 0 0 1 1 1 1 0 0 0 1 0 1 0 1 0 0 1 0 0 1 0 1 1 1 1 1 1 0 1 
2560 80 80 0 0 14 12 10 2 10 8 10 2 8 12 2 6 0 12 12 10 0 0 0 1 0 1 1 0 1 0 0 1 1 1 1 1 0 0 1 1 1 0 0 1 1 0 1 0 1 1 1 1 1 0 0 0 0 0 1 0 0 1 1 1 0 0 0 1 1 1 1 1 1 0 1 0 0 1 1 2 1 0 0 0 
2432 48 96 112 48 4 12 6 4 12 12 10 2 0 4 4 6 8 14 8 4 1 1 0 0 0 1 0 0 0 1 1 1 1 1 1 1 1 1 1 1 1 0 1 1 1 0 0 0 0 0 0 1 0 0 1 0 0 0 0 0 0 0 0 1 1 1 1 0 1 0 1 0 0 0 1 0 1 0 0 1 1 0 1 1 
2560 64 96 112 96 12 4 8 12 10 10 14 8 10 10 14 2 12 12 8 10 0 1 1 1 1 0 1 1 1 1 0 0 1 0 1 1 0 1 0 1 1 1 0 1 1 1 0 1 0 0 0 0 0 0 1 1 0 0 1 0 0 1 0 1 0 0 1 0 1 1 0 0 1 0 0 0 0 0 0 0 1 0 1 1 
2560 80 112 80 48 8 2 14 0 0 10 2 2 2 0 14 4 6 4 10 10 0 1 0 0 1 1 1 1 0 0 1 0 0 1 0 0 0 0 0 1 0 1 1 0 0 0 0 0 1 0 0 0 1 1 0 1 1 0 1 0 0 0 1 1 0 0 1 1 0 1 1 0 0 1 1 1 1 1 0 0 1 1 1 1 
2560 96 80 64 64 0 14 6 2 2 14 2 2 14 10 0 6 2 0 14 10 1 1 0 0 0 1 0 0 1 0 1 1 0 1 1 1 1 1 1 0 0 0 0 0 1 0 1 0 1 0 1 1 1 1 0 1 1 0 0 1 1 1 1 1 0 0 1 0 1 1 1 1 0 1 1 1 0 0 0 0 0 0 1 1 
2560 64 80 80 96 0 8 2 4 8 12 6 10 4 4 4 10 6 4 12 8 0 0 0 1 0 1 0 0 1 1 0 1 1 1 0 0 0 1 1 0 1 0 1 0 1 1 1 1 0 1 1 0 1 0 1 1 0 1 0 0 0 1 0 0 0 0 0 0 0 1 1 0 1 0 0 1 0 0 1 0 1 0 1 0 
2560 96 80 0 80 10 2 10 4 6 0 14 8 14 14 8 0 2 0 6 14 1 0 0 1 1 0 0 1 1 1 1 1 0 0 1 0 0 1 0 1 1 0 1 1 1 1 0 0 0 1 1 0 0 1 0 1 0 1 0 0 1 1 0 1 1 1 1 0 0 1 1 1 0 0 0 1 1 1 0 1 1 1 1 0 
2560 112 80 64 96 4 6 14 4 10 4 14 12 4 14 4 10 4 0 14 12 0 1 0 1 1 0 0 0 0 0 1 0 1 1 1 1 0 0 0 0 1 1 0 1 1 1 0 0 0 0 1 0 0 0 1 0 1 1 0 0 0 0 1 1 2 0 0 1 0 0 1 0 0 0 0 1 1 0 0 1 0 0 1 0 
2560 64 112 80 112 8 10 8 8 10 10 6 4 14 4 14 2 6 6 0 10 1 1 1 1 0 0 1 0 0 0 0 0 0 0 0 1 1 0 1 1 1 0 1 1 1 0 1 1 0 1 1 1 1 1 0 1 0 0 1 1 1 1 1 0 1 0 1 0 1 1 1 0 1 0 1 0 1 1 0 1 0 1 0 0 
2432 64 16 64 112 0 4 8 14 10 2 6 8 10 14 6 10 2 12 14 8 1 0 0 0 1 0 1 0 0 0 1 1 0 0 1 0 0 1 0 1 1 1 0 1 0 0 0 1 1 0 0 1 1 1 1 1 1 1 0 1 1 0 1 0 1 0 0 1 1 1 1 1 0 0 0 1 0 0 1 0 1 0 1 0 
2560 64 80 48 64 0 0 0 10 4 8 10 8 2 0 0 14 14 14 2 2 1 1 0 1 0 1 1 0 1 0 1 0 1 1 1 1 1 1 1 0 1 0 0 0 0 1 1 1 0 1 1 1 1 0 1 0 1 1 1 0 1 1 1 0 1 1 1 0 0 1 0 0 1 1 1 1 1 0 1 1 0 1 1 1 
2560 64 64 96 96 2 0 6 4 2 6 0 0 12 10 8 10 14 10 6 8 0 0 0 0 0 0 1 0 1 0 1 1 0 0 1 1 1 0 1 0 0 0 0 0 0 0 0 0 0 1 1 1 1 1 0 0 1 1 0 1 1 1 0 0 0 0 0 1 0 0 1 0 0 1 1 1 0 1 0 1 1 2 0 0 
2560 80 80 112 96 6 8 2 6 12 2 2 10 10 10 4 4 12 8 2 12 0 0 0 1 1 0 0 1 0 0 1 0 0 1 1 1 0 0 1 0 0 0 1 1 0 1 1 0 1 0 0 0 0 0 0 1 0 1 0 1 1 0 1 1 1 0 0 0 1 1 1 1 1 0 1 0 0 0 1 0 1 1 1 1 
1920 64 112 80 112 6 10 8 2 14 4 14 8 10 14 2 8 14 2 10 12 1 0 0 1 1 1 0 1 1 0 0 0 0 1 1 1 1 1 0 1 0 1 1 0 0 0 0 1 1 0 0 1 0 0 0 1 0 1 1 1 1 1 1 1 1 0 1 1 0 0 0 0 1 1 0 1 1 0 0 0 1 1 0 1 
1792 96 32 96 112 0 14 12 4 14 0 2 10 4 12 6 10 14 0 12 14 1 1 1 1 1 0 0 1 0 0 1 0 1 0 0 0 0 0 0 1 0 0 1 0 0 1 0 1 0 1 0 1 0 0 0 0 1 0 0 0 1 0 0 0 1 1 0 0 0 1 0 1 0 0 0 1 0 0 1 1 1 1 1 1 
2048 48 0 48 64 14 8 12 8 2 10 14 4 6 6 6 4 10 0 10 6 0 1 1 1 0 0 0 1 1 1 1 0 1 0 1 1 0 0 1 1 0 0 0 1 1 1 0 0 1 1 0 1 1 1 1 0 0 1 0 0 0 1 1 0 0 1 1 1 1 0 0 1 1 1 1 0 1 1 1 0 0 0 1 1 
2048 80 112 32 80 8 0 12 10 10 2 6 8 12 14 12 6 10 8 12 10 1 0 1 1 0 1 1 0 0 0 1 0 1 0 1 0 1 0 1 0 1 1 0 1 1 1 1 0 1 1 1 0 1 0 1 0 0 1 1 1 0 1 1 0 1 0 0 0 0 1 0 1 1 0 0 0 1 0 1 1 0 1 1 1 
1920 48 64 48 96 8 12 10 10 6 10 4 0 10 4 8 6 2 10 2 10 0 1 0 0 0 1 0 1 1 0 1 0 1 1 0 1 0 0 1 1 0 0 0 1 1 0 1 0 1 0 1 0 0 1 0 1 0 0 0 0 0 0 1 1 1 0 0 0 0 0 0 1 0 0 1 0 0 1 1 0 1 0 0 1 
1920 48 16 64 64 14 10 12 12 14 14 14 8 10 8 10 0 12 8 8 2 1 0 1 1 0 1 0 0 1 0 1 0 1 1 0 0 0 0 0 0 1 1 1 1 0 0 1 1 1 1 1 0 0 1 1 1 1 1 0 1 0 1 0 1 1 0 1 1 0 0 0 1 1 0 1 0 1 1 1 0 0 1 1 0 
2048 64 80 80 48 12 4 2 10 0 4 2 6 4 4 6 14 4 4 0 14 0 0 1 0 1 1 0 0 0 0 1 1 1 0 1 0 1 0 1 0 1 1 1 0 0 1 1 1 1 1 1 1 0 0 0 0 1 0 1 0 1 1 0 0 0 1 1 1 1 0 1 1 1 1 0 1 1 1 0 1 0 0 1 0 
1920 48 48 48 32 0 12 10 6 8 10 8 14 8 2 4 6 10 0 8 6 0 1 1 1 1 0 0 0 0 1 0 1 0 0 1 0 1 0 1 0 1 1 1 1 0 0 1 1 1 1 0 0 1 0 1 1 0 1 1 0 1 0 0 1 0 0 0 0 1 1 0 0 0 1 1 0 1 0 1 1 1 0 1 1 
2048 80 48 80 48 8 4 6 8 14 6 4 8 6 14 10 10 6 14 14 0 0 0 1 1 1 0 0 1 1 1 1 1 0 0 1 0 1 1 1 1 1 1 1 0 0 1 1 1 1 1 1 1 0 0 0 0 1 1 0 0 0 0 0 0 1 1 1 0 0 0 0 1 1 1 0 1 1 1 1 0 0 1 1 1 
2048 32 112 80 112 14 8 10 4 10 10 14 4 6 2 8 14 6 2 14 4 1 1 0 0 1 0 1 1 1 0 0 1 0 1 1 0 0 0 0 0 0 0 1 0 1 0 1 1 0 0 0 0 1 0 0 0 0 0 0 1 0 1 1 0 0 1 1 1 1 0 1 1 0 0 0 0 1 0 0 1 1 1 1 0 
1920 48 64 16 32 6 8 6 8 10 4 2 14 0 14 14 10 12 12 2 2 0 0 0 1 0 0 0 0 1 0 1 0 0 1 0 1 0 0 0 0 1 1 1 1 0 0 0 0 1 1 1 1 0 1 0 0 1 0 0 1 0 1 0 0 1 1 1 1 0 0 1 0 1 0 0 0 0 1 1 1 0 1 1 1 
1792 0 96 16 16 6 12 0 8 8 2 8 0 12 10 8 4 12 8 12 6 0 1 1 1 1 0 0 0 0 1 0 0 1 1 1 0 1 0 0 0 0 0 0 0 1 1 1 1 1 1 1 0 1 1 0 1 1 1 1 0 0 1 1 0 1 1 0 0 1 0 1 0 0 0 1 1 0 0 0 1 0 1 1 0 
2048 80 112 96 48 6 6 6 14 2 2 2 2 4 8 4 12 0 2 2 10 1 1 0 1 1 1 0 1 1 1 0 1 0 1 1 1 1 0 0 1 1 0 1 1 0 0 1 1 0 0 1 0 1 1 0 0 0 0 1 1 1 0 0 1 0 1 1 0 1 0 1 1 0 0 1 1 0 0 0 0 1 1 0 1 
1920 32 96 16 80 4 12 0 0 8 14 12 2 0 6 12 14 0 0 12 8 1 1 1 1 1 1 1 0 0 1 1 0 1 1 0 1 1 1 0 0 0 0 1 1 0 1 1 1 1 1 1 0 0 0 0 1 1 1 1 1 0 1 1 0 0 0 1 0 0 0 1 1 0 1 1 0 1 0 0 1 1 1 0 0 
1920 32 112 96 112 4 2 8 2 14 6 2 10 10 2 6 6 0 2 0 0 1 1 0 0 1 1 0 0 1 1 1 1 0 1 0 0 0 0 0 0 0 1 1 0 0 1 0 1 0 1 0 0 1 1 0 0 0 1 0 0 0 1 1 0 1 1 0 1 0 0 0 0 0 0 0 0 0 1 0 1 1 1 1 1 
1408 16 0 64 32 8 6 6 0 8 14 14 0 0 10 10 8 14 6 0 12 0 0 0 1 1 1 0 0 1 1 0 0 0 1 1 0 1 1 1 1 1 1 0 1 1 1 1 0 1 1 0 0 1 1 0 0 1 1 1 1 1 0 0 0 1 0 1 0 0 0 0 0 0 0 0 1 1 1 0 1 0 1 0 1 
1280 96 64 16 80 12 2 10 0 14 12 0 0 8 12 10 8 0 10 14 6 0 0 0 0 1 0 1 1 1 0 1 1 0 0 1 0 0 0 0 1 0 1 0 0 0 1 1 1 0 0 1 0 0 0 0 1 0 0 0 1 1 1 1 1 1 0 1 1 1 0 1 0 1 0 1 0 0 1 1 0 0 0 0 0 
1408 16 48 64 0 6 10 10 8 14 8 8 0 10 12 14 8 14 10 2 4 0 0 0 1 0 0 0 1 1 0 0 0 1 1 1 0 1 1 0 1 1 0 1 1 1 0 1 1 0 1 1 1 1 0 1 0 1 1 1 0 1 0 1 0 0 1 0 0 1 0 1 1 0 1 0 1 1 0 0 1 0 0 1 0 
1408 0 0 80 112 0 8 0 0 8 14 10 10 10 14 0 6 6 14 6 6 1 0 1 1 0 0 1 1 1 1 0 0 1 0 1 1 0 0 1 0 1 0 1 1 1 1 0 1 0 0 1 0 1 1 1 1 1 0 1 1 0 1 1 0 1 0 1 0 0 0 1 1 1 0 0 0 0 0 0 0 0 0 1 1 
1408 0 16 32 48 0 2 2 12 10 6 0 4 14 4 0 10 2 12 14 14 1 1 1 0 0 0 1 0 0 1 0 0 0 0 0 0 0 1 0 0 1 0 0 1 1 0 0 0 1 0 0 1 0 0 0 1 0 0 1 1 1 1 0 1 1 1 1 0 0 1 1 1 1 1 1 1 1 1 1 1 1 0 1 0 
1152 64 96 0 96 8 12 0 12 4 12 0 14 8 0 6 12 0 8 10 6 1 0 0 0 0 0 0 1 0 1 1 1 1 1 1 1 1 0 0 0 1 0 0 0 0 1 0 0 0 0 1 1 1 0 1 0 1 1 1 1 0 0 0 1 0 1 0 0 1 0 1 0 0 0 1 0 1 0 0 1 1 0 0 1 
1152 80 32 16 32 10 0 10 2 4 6 4 6 6 12 4 14 6 8 8 4 1 1 0 0 0 0 0 1 0 0 0 0 0 0 1 1 0 0 1 1 1 0 0 1 0 1 0 0 0 0 1 1 0 1 0 0 0 1 0 1 0 1 0 1 1 0 1 1 1 1 0 0 1 1 0 1 0 0 1 0 0 0 0 1 
1536 16 48 48 64 0 0 14 8 4 0 4 8 4 12 12 0 4 12 6 2 1 0 1 0 0 0 1 0 0 0 0 1 1 1 0 0 1 0 0 0 1 0 1 1 1 1 0 0 0 0 1 0 0 0 1 0 1 0 0 0 0 0 1 1 0 0 1 0 1 0 1 1 1 1 0 0 1 1 0 0 0 1 1 1 
1280 32 48 80 80 12 14 4 4 0 14 0 12 12 0 8 14 14 10 12 8 0 1 1 0 1 0 1 1 1 1 0 1 0 0 1 0 0 1 0 1 1 0 1 1 0 1 1 1 1 1 1 0 0 1 1 1 0 1 0 1 0 0 1 0 1 1 1 1 1 1 0 0 1 0 0 0 0 0 1 0 1 1 0 0 
1152 80 64 112 96 8 2 0 10 4 8 10 8 8 10 12 10 0 12 14 6 0 1 0 0 1 0 1 1 0 1 1 1 0 1 0 0 0 0 1 0 0 0 1 1 0 0 1 0 0 0 1 1 1 1 0 1 1 0 0 1 1 0 1 1 1 1 0 0 0 0 0 1 0 0 1 0 0 1 1 1 0 0 1 1 
1280 96 0 32 16 10 2 0 10 14 14 14 10 8 4 14 2 6 8 10 12 0 1 0 1 0 1 1 1 1 1 0 0 0 1 0 1 1 0 1 0 1 0 0 1 0 0 0 0 0 1 1 1 1 1 1 0 1 0 1 1 1 1 0 0 1 1 0 1 0 0 0 0 1 0 1 0 1 1 1 1 1 0 0 0 
1280 16 16 16 96 2 8 10 4 8 10 4 6 8 8 4 4 4 4 6 12 0 0 1 0 1 0 0 0 1 0 1 0 1 1 0 1 1 0 1 1 1 0 1 0 0 0 0 1 0 1 0 0 1 1 1 0 0 0 0 0 0 1 0 1 0 0 0 1 0 0 0 0 1 1 0 0 0 1 1 1 1 1 0 0 
1536 64 80 32 64 6 6 2 2 2 8 6 6 6 0 4 6 8 4 4 10 1 0 0 0 0 1 1 1 1 1 0 1 0 0 1 0 0 1 1 1 1 1 0 0 1 1 1 0 0 1 0 1 1 0 1 1 0 2 1 1 0 1 0 0 1 0 0 0 0 0 1 0 1 1 1 0 1 0 0 0 1 1 1 1 
1024 16 96 112 112 6 4 4 12 6 0 14 12 8 8 0 12 14 8 2 6 0 0 0 1 0 0 0 0 0 0 0 0 0 1 1 0 0 0 0 0 1 1 1 0 0 0 0 1 0 0 1 1 1 0 0 2 0 0 1 1 0 1 0 0 0 1 0 0 0 1 0 0 0 1 0 1 0 0 0 0 1 0 0 0 
1152 32 32 0 48 6 10 4 4 4 2 2 0 14 4 6 14 12 2 10 0 1 1 0 1 0 1 0 0 0 0 1 1 1 1 1 0 1 0 1 1 1 0 1 0 0 0 0 1 0 0 1 0 1 0 0 0 0 0 0 0 0 0 0 1 1 0 1 0 1 0 1 0 0 0 0 1 1 0 0 0 1 0 0 0 
768 96 0 48 96 6 2 6 6 8 4 12 4 4 12 8 0 8 6 4 2 1 0 0 0 0 1 0 0 0 1 1 0 0 0 0 0 0 0 0 0 1 0 1 1 1 0 1 1 1 0 1 0 0 0 0 1 0 0 1 1 0 0 0 1 1 0 1 0 1 0 1 1 0 1 1 0 1 1 1 1 1 0 0 0 
896 0 48 64 32 0 12 14 8 0 14 0 0 8 14 14 8 2 2 0 8 0 0 0 1 0 1 1 1 0 0 1 0 0 0 0 0 0 0 1 1 0 0 0 0 0 0 0 0 0 1 0 0 0 0 0 0 0 1 0 0 1 0 0 1 1 1 0 0 0 1 1 1 1 0 1 0 0 0 0 0 0 0 0 0 
1024 64 16 16 48 2 14 10 6 0 14 0 4 10 10 0 12 0 2 6 4 1 1 0 1 0 0 0 1 0 1 0 0 1 1 0 0 0 0 1 0 1 1 1 0 0 0 1 0 1 1 1 0 1 0 0 1 0 1 0 1 0 1 1 0 0 1 1 0 0 1 0 0 0 1 0 0 0 0 0 1 0 0 0 0 
768 112 0 0 96 6 6 4 10 12 12 6 0 6 14 12 0 4 6 4 8 0 1 1 1 0 0 1 1 0 0 1 0 0 0 1 1 0 0 0 0 0 0 1 0 0 0 1 1 0 1 0 1 0 1 0 0 0 0 0 0 0 1 1 0 0 1 0 0 1 1 0 0 0 1 1 0 0 0 0 0 0 1 1 1 
768 32 96 80 96 14 10 10 2 2 14 6 8 2 2 4 10 8 2 2 6 1 0 1 1 0 1 0 1 0 1 1 1 0 0 1 1 0 0 0 1 0 1 0 0 1 1 1 0 0 1 1 1 1 1 0 0 0 1 0 0 0 1 1 0 1 1 0 0 0 0 1 0 0 1 1 0 1 0 0 0 1 1 0 0 
1024 32 32 16 64 12 12 2 14 8 8 2 8 12 12 8 0 2 6 4 6 0 1 1 1 0 0 1 1 0 1 1 0 1 1 0 0 0 0 1 1 0 0 0 0 1 1 0 0 0 0 1 0 1 0 1 1 0 0 1 0 1 1 1 0 1 1 0 1 1 0 0 1 1 0 0 0 1 0 1 0 1 1 1 0 
896 48 32 0 0 4 4 0 0 10 12 6 4 4 0 2 0 10 0 6 4 0 0 0 0 0 0 1 0 1 1 0 0 0 1 0 0 1 1 1 0 1 0 0 0 1 1 0 0 1 1 1 0 0 1 0 0 1 0 1 0 1 1 1 1 0 1 0 0 0 1 1 1 1 1 0 0 1 0 1 0 0 1 1 1 
640 0 112 80 64 4 6 4 2 2 10 12 0 0 14 2 4 2 14 2 2 1 1 1 1 1 1 0 0 0 1 0 1 0 1 1 0 0 1 1 0 1 1 0 0 0 0 1 1 1 1 1 0 0 0 0 0 1 0 0 0 1 0 0 0 0 0 0 1 1 1 1 1 0 0 0 1 1 0 0 0 1 0 1 1 
896 32 48 32 96 4 4 8 6 12 12 2 14 4 12 10 8 4 10 10 2 1 0 0 0 0 0 0 0 0 1 0 1 0 0 1 0 0 0 0 0 0 0 0 1 1 0 1 0 1 1 0 0 0 0 0 0 1 1 0 0 0 0 0 1 1 0 0 0 1 1 1 0 0 0 0 0 1 1 1 1 0 0 0 0 
768 16 32 80 112 2 8 10 8 12 8 8 10 0 2 12 8 10 2 4 10 1 1 1 1 1 0 1 0 1 0 1 1 0 0 1 1 1 1 1 0 1 1 0 0 1 0 0 0 0 0 1 0 1 0 1 0 1 0 0 1 0 0 1 0 1 1 1 1 1 1 0 1 1 0 1 1 1 0 0 1 1 0 0 1 
1024 0 16 16 16 14 12 2 10 4 12 10 6 4 0 0 6 14 12 0 4 1 1 1 1 1 1 1 0 0 1 1 0 1 1 1 0 0 0 0 1 0 1 1 0 0 0 0 1 0 0 0 1 0 1 0 0 0 1 0 0 0 0 1 1 0 0 1 1 1 1 1 1 0 0 0 0 0 0 0 0 0 0 0 0 
896 96 32 80 48 12 10 6 4 8 2 6 14 4 2 6 4 10 6 4 12 0 1 0 0 0 0 1 0 0 1 1 0 1 0 1 0 0 1 0 0 0 0 1 0 0 0 1 1 0 1 1 0 1 0 1 1 1 1 0 1 0 1 1 1 0 0 1 0 1 1 1 0 1 0 1 0 0 1 0 0 0 1 0 0 
768 48 80 96 112 2 10 8 0 12 4 12 14 2 4 4 2 0 12 10 10 0 0 0 1 0 0 1 1 0 0 1 0 0 1 0 0 0 1 1 1 1 1 1 1 1 0 1 1 1 1 1 0 0 1 0 0 0 0 0 1 0 0 0 0 0 1 1 1 0 1 1 0 1 1 1 0 1 0 0 1 0 1 0 0 
1024 48 16 16 16 6 0 12 10 2 8 12 12 14 0 8 0 4 8 6 14 1 0 0 1 0 0 0 0 0 0 0 0 0 1 1 0 0 1 0 1 0 1 0 1 0 1 1 1 1 1 0 0 1 1 1 0 0 1 0 0 1 0 1 0 0 0 0 1 0 1 1 0 1 0 1 0 1 1 1 1 0 1 0 0 
896 96 64 16 0 8 0 14 14 14 8 10 6 8 6 8 10 4 4 12 0 0 0 1 0 1 1 1 1 1 0 1 0 1 0 1 1 1 1 1 0 0 1 1 0 0 0 0 0 0 0 0 1 0 1 0 1 1 1 1 0 1 1 0 0 0 0 0 0 1 0 1 0 0 0 0 1 1 0 0 0 1 0 1 1 
512 64 64 0 48 2 6 6 12 14 6 12 0 8 14 10 4 14 2 10 2 0 0 1 0 1 0 1 1 1 0 0 0 1 1 1 1 1 0 0 0 0 1 0 1 0 1 1 0 0 1 1 1 0 0 1 1 0 0 0 0 1 0 1 0 0 1 1 1 1 0 0 0 0 1 0 1 1 1 0 1 1 1 1 1 
512 80 48 64 80 14 6 12 6 0 10 14 14 0 2 12 14 14 12 6 4 1 0 1 1 1 1 0 1 1 0 0 1 1 0 1 1 0 0 0 0 0 0 0 1 0 1 1 0 0 1 0 0 0 1 1 1 1 1 0 0 1 0 0 0 1 1 0 0 0 1 1 1 0 0 1 0 0 1 0 0 0 1 0 0 
512 16 64 48 64 8 14 14 10 8 10 10 12 8 10 0 6 8 2 12 2 1 1 1 0 0 1 1 0 1 1 1 0 0 1 0 0 0 0 1 0 1 1 0 1 1 1 0 1 1 1 1 0 1 1 0 0 1 1 0 0 0 0 1 1 1 1 1 1 0 0 0 1 0 0 1 0 0 1 0 1 0 1 0 1 
512 64 80 80 48 0 14 14 12 12 4 12 0 8 14 10 14 14 10 0 14 1 1 0 1 1 0 1 0 0 0 0 0 1 1 0 0 0 1 1 0 0 0 1 0 1 0 0 0 0 1 1 0 1 1 0 0 0 1 0 0 0 0 0 1 1 0 1 0 1 1 1 1 1 0 1 1 1 0 1 0 0 0 0 0 
512 0 32 16 16 2 14 0 6 6 6 14 14 2 8 10 4 2 12 12 2 1 0 1 1 0 1 1 1 0 0 1 0 1 1 0 1 0 1 1 1 1 0 1 1 0 1 0 1 1 1 1 1 1 1 1 1 0 1 1 0 0 0 1 0 1 1 0 0 1 1 0 0 1 1 1 0 0 0 1 1 1 1 1 0 
768 48 64 16 0 12 14 8 14 6 14 0 14 8 6 8 8 2 2 6 6 0 0 0 0 0 1 1 1 0 0 0 0 1 0 0 1 1 0 0 0 1 0 0 1 0 0 1 0 0 0 0 0 0 0 0 1 1 1 0 1 0 1 1 1 0 0 1 0 1 0 1 1 0 1 0 0 1 1 0 0 1 1 1 1 
512 80 80 80 32 8 12 14 10 12 2 12 10 4 10 4 14 4 2 2 0 1 1 0 1 0 0 1 0 1 0 0 0 1 1 0 0 1 1 0 0 1 0 1 0 0 0 1 1 0 0 1 1 0 1 0 0 1 0 0 0 0 1 1 0 1 0 1 1 1 0 1 1 1 0 0 1 1 1 0 0 0 0 0 1 
512 48 32 64 80 12 2 0 12 0 14 10 2 12 0 2 4 10 6 0 8 0 1 0 1 0 1 0 1 1 0 1 0 1 1 0 0 1 1 0 1 0 0 0 0 0 1 0 0 1 1 0 0 0 1 1 1 1 1 0 1 1 0 1 1 0 1 0 1 1 0 0 1 0 0 1 1 0 0 0 0 1 1 0 1 
512 96 96 64 16 2 12 6 8 0 8 2 8 10 14 2 4 4 10 2 8 0 0 0 0 0 0 1 0 1 0 1 1 0 1 0 1 1 0 1 0 1 0 0 1 1 1 1 0 0 0 1 0 1 0 0 0 1 0 0 0 1 1 0 0 1 1 1 0 1 1 1 0 0 1 1 0 1 1 0 1 0 0 1 0 
512 112 96 48 48 8 2 6 8 10 10 6 12 4 14 8 0 8 12 14 8 0 1 0 0 1 1 0 1 0 1 0 1 0 0 1 1 1 0 0 0 1 0 0 0 1 0 0 1 0 1 1 0 1 0 0 1 0 0 1 1 0 1 1 0 1 1 1 0 0 1 1 0 0 1 1 1 1 1 1 1 1 1 0 1 
512 80 48 80 64 10 0 10 6 4 0 12 8 14 10 12 12 2 4 4 6 0 1 1 0 0 0 1 1 0 1 1 0 0 1 0 0 1 0 0 0 0 1 1 1 0 1 1 0 0 1 0 0 1 0 1 1 1 0 1 0 1 0 1 1 1 0 0 1 0 1 0 1 1 0 0 1 1 0 0 0 0 0 1 1 
512 48 96 80 80 2 8 10 12 4 8 12 0 10 2 2 0 2 8 14 2 0 0 1 0 1 1 0 0 0 1 0 1 0 0 0 0 0 1 1 1 0 0 0 0 0 0 0 0 0 0 1 1 1 1 1 0 0 0 0 0 0 0 0 1 1 1 0 0 0 0 1 1 0 0 0 1 1 1 0 0 1 1 1 1 
512 64 32 16 32 12 10 4 0 2 6 12 12 6 12 6 4 2 4 14 4 1 1 0 1 0 0 0 1 1 1 0 1 0 0 1 1 0 0 1 1 1 0 1 1 0 1 1 0 1 0 0 1 0 0 0 0 0 1 0 0 0 0 0 0 1 1 0 0 1 1 1 1 0 1 0 0 0 1 1 1 0 0 1 1 
512 80 80 64 64 14 10 12 8 6 12 10 10 12 12 6 6 6 4 12 2 0 1 1 0 1 0 0 0 1 0 0 0 1 0 1 0 1 1 1 1 1 0 1 1 0 0 1 0 0 0 0 0 1 0 1 1 0 0 1 0 0 1 1 1 0 0 1 0 1 1 1 1 1 1 0 0 1 0 1 0 1 0 0 1 
512 32 80 80 80 8 10 4 2 0 12 4 12 14 14 4 6 12 10 12 0 0 0 0 0 1 0 0 1 1 1 0 1 1 1 1 1 1 0 1 1 1 0 0 1 1 0 0 0 1 1 1 0 0 0 0 1 0 1 0 1 0 1 1 1 1 0 0 0 1 0 0 0 0 1 1 0 1 0 0 1 0 0 1 0 
