3448 18 10 8 30 4 4 6 6 6 4 0 8 2 0 6 2 8 2 6 6 0 0 1 1 1 0 0 1 1 0 1 1 1 1 0 0 1 1 1 0 0 1 1 1 1 1 1 1 0 1 0 1 1 0 0 1 1 1 0 1 1 0 1 1 1 0 1 1 1 1 1 0 0 1 0 0 1 0 1 0 0 0 0 0 
3500 60 0 50 68 4 6 4 0 8 4 4 0 10 6 4 8 10 0 4 10 1 1 1 0 1 1 1 0 0 0 1 2 0 1 1 1 1 1 1 0 1 1 1 1 0 1 1 0 0 0 1 0 1 0 1 1 1 0 1 0 0 1 0 0 1 1 0 0 1 0 0 0 1 1 0 1 1 0 0 0 0 1 0 0 
3502 44 40 58 52 0 8 6 2 10 2 2 0 4 10 6 10 8 0 10 2 1 1 1 1 1 1 0 1 1 0 1 0 1 1 0 1 1 0 1 0 0 0 0 0 0 1 0 0 1 1 0 0 1 0 0 1 1 1 1 1 0 0 1 1 0 0 1 1 1 1 1 1 1 0 1 0 0 0 0 0 0 1 1 0 
3562 50 12 50 12 4 2 2 6 0 8 8 4 8 4 0 4 0 4 4 10 0 0 1 0 1 1 1 0 0 0 0 1 0 1 1 0 1 1 0 1 0 0 1 0 0 0 0 0 1 1 0 0 1 1 1 1 1 1 0 0 0 1 0 1 0 0 0 0 1 1 1 0 1 0 0 1 0 1 0 1 1 0 1 0 
3506 60 52 4 62 6 10 2 8 8 0 0 6 10 8 4 4 0 4 6 0 1 0 0 1 0 0 1 1 1 1 1 0 0 1 0 0 1 1 1 1 0 0 0 0 1 1 1 0 1 0 1 0 0 1 0 1 1 0 1 1 0 0 1 0 0 0 1 0 0 1 1 0 0 0 0 0 0 0 1 0 1 1 1 0 
3532 48 26 0 12 4 0 4 8 8 10 8 8 4 8 10 4 4 0 4 6 0 0 0 1 1 0 0 0 1 0 0 1 1 1 1 0 0 0 1 0 0 0 1 0 1 0 1 1 0 0 0 0 0 0 1 1 1 1 1 1 0 1 1 0 1 0 0 1 0 1 1 1 1 1 1 1 0 0 0 0 1 0 1 0 
3550 56 48 8 66 2 0 6 6 10 0 8 4 10 8 10 6 8 10 8 4 0 1 0 1 0 0 1 0 0 0 0 0 1 1 1 1 0 1 0 0 1 0 1 0 1 0 0 0 0 1 0 0 1 1 0 0 0 1 1 1 1 1 1 1 0 0 0 1 0 1 0 0 0 1 1 1 1 0 1 1 1 0 1 1 
3530 56 60 48 54 0 8 0 8 8 6 0 4 0 8 6 6 0 6 6 6 0 1 0 1 1 1 0 0 0 1 0 0 0 0 1 0 1 0 1 0 1 1 0 1 1 0 1 0 0 1 1 1 0 0 0 1 1 1 1 0 1 0 0 1 0 1 1 1 0 0 0 1 1 0 0 1 0 0 0 0 1 0 1 1 
3408 66 52 28 42 2 10 6 2 6 6 4 6 8 6 8 0 0 6 8 2 0 1 0 1 1 0 1 0 0 0 0 0 1 1 1 1 1 1 0 0 0 0 1 1 1 0 0 1 1 1 0 0 0 1 1 1 1 0 1 0 1 0 1 0 0 1 0 0 0 0 0 0 0 1 1 0 0 0 0 1 1 0 0 1 
3454 70 44 38 30 6 2 2 6 0 2 8 0 0 10 0 0 6 8 10 0 0 1 1 1 1 1 1 1 0 0 0 0 0 0 0 1 0 0 1 0 1 0 1 1 1 0 0 1 1 0 0 0 0 0 0 1 1 0 1 1 0 1 0 0 0 1 1 0 0 1 1 1 1 0 0 0 1 0 1 0 0 0 0 1 
3470 66 58 50 12 0 2 10 0 10 8 8 8 10 0 8 2 8 6 4 2 1 1 0 0 0 1 0 1 1 0 1 0 0 0 1 0 1 1 1 1 0 0 0 1 1 0 1 1 0 1 0 1 1 0 1 1 1 1 1 0 0 1 1 1 0 1 0 0 1 1 1 1 0 0 1 0 0 1 0 0 0 0 1 1 
3548 68 34 64 58 2 4 8 4 6 8 8 0 8 10 0 10 10 2 4 6 1 1 0 1 0 1 0 0 0 0 0 0 1 0 1 1 1 0 1 1 1 0 0 1 0 1 0 1 1 1 1 1 1 0 0 1 1 0 1 1 1 0 0 1 1 0 0 0 0 1 1 1 1 0 1 0 0 0 0 1 0 1 0 1 
3554 42 66 66 56 2 6 6 10 8 6 6 2 2 10 0 4 4 4 6 0 0 0 1 1 1 1 0 1 0 0 1 1 1 0 1 0 0 1 1 1 1 1 1 1 1 1 1 1 1 1 0 0 0 0 1 1 1 1 0 1 1 0 1 0 1 1 1 1 0 1 0 1 0 0 1 1 0 1 0 0 1 0 0 1 
3498 66 62 52 58 4 2 6 8 10 2 4 2 10 2 8 0 8 8 6 0 0 0 1 1 1 0 1 0 0 1 0 1 1 0 1 1 1 0 1 0 0 0 1 1 1 0 0 0 1 0 0 1 0 0 1 1 0 1 1 1 0 1 1 1 1 0 1 1 1 1 0 1 1 1 0 1 1 0 0 0 1 1 0 1 
3452 54 64 58 40 2 6 0 6 8 6 4 10 4 8 4 4 6 0 10 6 1 0 0 1 0 0 0 1 0 1 1 0 0 0 1 0 0 1 1 0 0 1 0 1 0 1 0 1 1 1 0 1 0 1 0 1 0 1 1 0 1 1 0 0 0 0 1 0 0 1 0 0 0 0 0 1 1 1 0 1 0 0 0 0 
2788 42 46 48 36 2 10 4 4 10 0 4 0 2 4 0 4 10 0 8 6 1 1 0 1 0 0 1 0 1 0 0 0 1 1 0 0 0 0 1 1 0 0 1 1 1 0 1 0 0 1 1 0 1 1 0 1 1 1 1 1 0 0 0 0 1 1 1 1 0 0 0 1 1 1 1 1 0 0 0 0 1 1 1 1 
2588 70 14 16 44 4 2 2 10 6 0 8 4 0 10 10 0 2 0 6 6 1 1 0 1 0 1 0 0 0 0 0 0 0 0 0 0 1 1 1 1 1 0 0 0 1 0 0 0 1 1 0 1 0 1 0 1 0 0 0 1 0 1 1 1 1 0 1 1 1 0 0 0 1 1 1 1 1 1 0 0 1 0 1 1 
2624 68 44 56 2 10 10 8 8 4 10 8 6 10 8 4 6 0 2 2 8 1 0 0 0 0 1 0 1 1 0 1 0 1 1 1 1 0 0 1 0 0 0 0 0 1 1 1 0 0 1 0 1 1 1 1 1 0 1 0 1 0 0 1 1 0 0 1 1 0 1 1 0 1 0 1 0 1 1 1 1 0 0 1 0 
2760 34 38 42 54 10 2 10 4 2 8 6 0 8 6 8 10 2 8 10 8 0 1 1 1 0 1 1 1 0 0 0 1 0 1 0 0 1 1 1 0 1 1 1 0 1 0 0 0 0 1 1 0 0 0 1 0 1 1 0 0 1 1 1 0 1 1 1 1 0 1 0 0 0 0 0 0 1 0 0 0 1 1 0 0 
2686 18 54 44 46 4 2 6 4 8 10 10 10 6 4 10 0 0 2 10 6 0 1 0 1 0 0 0 1 0 0 1 0 0 0 1 0 1 0 1 0 0 0 1 0 0 0 0 1 0 0 0 0 1 0 1 1 1 1 1 1 0 0 0 1 1 0 0 1 0 1 1 1 1 1 1 0 0 1 1 1 0 0 1 0 
2672 30 44 54 2 0 10 6 4 6 4 4 10 4 8 6 2 0 0 0 4 1 0 0 1 0 0 1 0 0 0 1 0 0 0 1 0 0 0 0 1 0 0 0 1 1 1 1 0 0 0 0 1 0 1 1 0 0 0 0 0 1 1 0 1 0 0 1 0 1 0 0 1 0 1 0 1 1 1 0 0 1 1 1 0 
2748 50 36 58 36 10 0 4 8 2 0 2 0 0 10 0 6 10 4 4 10 1 0 1 0 1 1 0 1 0 0 1 1 1 0 1 1 1 0 0 0 1 0 1 1 1 0 0 0 1 0 0 1 0 0 0 1 0 0 0 0 0 0 1 0 0 1 0 0 1 1 0 1 0 0 0 1 1 1 1 1 1 0 0 0 
2730 18 10 46 0 6 10 6 6 10 6 2 6 6 2 2 8 0 8 6 4 1 1 0 0 0 0 1 0 0 0 1 1 0 1 1 1 0 0 0 1 1 0 1 0 1 0 0 1 1 1 1 0 0 1 0 1 1 0 0 1 0 0 0 1 1 0 0 0 1 1 1 1 1 0 0 1 0 1 1 1 1 1 0 1 
2770 48 56 0 2 0 0 8 8 6 10 4 0 0 0 2 8 10 4 10 6 0 1 0 1 1 1 1 1 0 0 1 1 0 1 0 1 1 0 0 0 1 0 1 0 0 1 1 0 0 0 1 1 0 0 0 0 1 0 1 0 0 1 1 0 0 0 0 0 0 1 0 0 1 1 0 1 0 0 0 1 1 0 1 0 
2728 54 66 22 26 8 8 10 8 6 4 0 10 0 2 10 6 8 8 2 4 0 0 1 0 1 1 1 0 0 0 0 0 0 1 0 1 1 0 1 1 1 0 0 0 0 0 1 1 1 1 0 0 1 1 0 0 1 0 0 0 1 1 0 0 1 0 1 0 0 1 0 0 1 1 1 0 0 1 1 1 0 1 0 1 
2764 44 62 42 46 6 6 0 10 6 10 6 2 6 8 4 10 2 8 10 0 1 1 1 0 1 0 0 0 0 0 0 1 0 0 1 0 1 1 1 1 1 1 1 0 0 1 1 1 1 0 0 1 1 1 0 1 1 0 0 1 1 1 0 0 1 0 0 0 0 1 1 1 0 1 0 0 1 0 1 1 1 0 0 0 
2596 38 50 42 44 10 6 0 8 8 2 6 8 0 8 10 6 10 4 4 4 1 0 0 1 0 0 1 1 0 1 0 1 1 0 1 1 0 1 0 0 1 0 0 1 1 0 1 0 0 0 1 0 0 1 0 1 1 1 1 1 1 1 1 0 0 0 0 0 1 0 0 0 1 0 1 1 0 0 0 0 1 1 1 1 
2694 4 50 14 60 4 4 4 0 6 10 6 0 8 4 10 8 10 4 10 10 0 0 1 0 0 1 1 0 1 1 0 1 0 0 0 1 0 0 0 1 0 0 1 1 0 0 1 0 1 1 1 1 1 1 1 0 0 1 1 0 1 1 0 1 1 0 1 1 1 0 0 1 1 1 1 1 0 0 1 1 0 0 1 1 
2694 64 22 52 2 10 8 8 8 6 2 6 10 6 6 4 2 8 6 8 8 1 0 1 1 0 1 0 0 1 1 1 1 1 0 0 1 0 1 1 0 0 0 1 0 0 0 0 1 0 0 1 0 0 1 0 0 1 0 1 1 0 1 0 0 1 0 0 1 1 0 0 0 1 0 1 1 0 1 1 0 1 0 1 0 
2700 58 42 6 34 8 2 4 0 4 4 0 6 0 4 8 6 0 10 0 6 1 0 0 1 0 0 1 0 1 0 1 1 0 0 1 0 0 0 1 1 1 0 1 1 1 0 1 0 0 0 1 1 0 0 1 1 0 1 1 0 1 0 1 0 0 0 1 1 1 1 0 1 0 0 1 0 1 0 0 1 0 1 1 1 
2048 64 8 18 44 0 4 8 0 6 8 6 6 10 10 2 4 2 2 0 4 0 1 0 0 0 1 1 1 0 1 1 0 1 1 1 0 1 0 0 0 1 1 1 1 0 0 0 0 1 0 1 1 0 0 1 1 0 1 1 1 1 1 1 1 0 0 1 1 0 0 0 0 1 0 0 1 0 1 1 1 0 1 1 1 
2208 30 30 26 18 2 0 0 2 6 0 0 8 10 6 0 2 10 10 0 2 0 1 1 0 0 1 1 1 1 0 1 0 1 1 1 1 0 0 1 0 0 1 1 1 0 0 0 1 1 0 0 0 0 0 0 0 0 1 0 1 1 1 1 0 0 0 0 0 0 0 0 0 0 0 1 0 1 0 0 0 1 1 1 0 
2132 20 44 20 10 2 2 0 4 10 4 6 10 8 0 6 8 0 10 2 4 0 1 0 1 1 1 1 1 1 0 1 0 1 1 0 1 1 0 0 1 0 0 0 1 0 1 1 1 0 0 0 1 1 1 1 1 0 1 0 0 0 1 0 1 0 1 0 0 1 0 0 1 1 0 0 1 0 0 0 1 1 0 1 1 
2066 34 8 12 50 4 8 10 8 0 8 4 2 4 10 0 2 8 4 8 8 1 0 0 1 0 0 1 1 1 1 1 1 1 1 0 1 0 0 1 0 1 1 0 0 0 1 0 1 0 1 0 1 1 0 0 0 1 0 1 0 0 1 1 0 0 0 0 0 1 0 1 1 0 1 0 0 1 0 0 1 0 0 1 1 
1950 10 70 2 58 10 2 8 0 10 10 2 2 8 10 10 4 2 2 2 0 1 0 1 0 0 0 0 0 0 1 0 0 1 0 1 0 0 1 0 0 0 1 1 1 1 1 1 0 1 1 0 1 0 0 0 1 1 0 1 0 0 1 0 0 1 1 0 1 1 0 1 0 0 1 0 1 0 1 0 1 1 1 1 1 
2144 56 38 38 6 2 0 4 2 2 10 10 2 4 10 2 8 4 2 8 2 1 1 0 0 1 0 0 0 1 0 1 0 0 0 0 1 0 0 1 0 0 0 1 1 0 1 0 0 0 0 0 0 1 1 1 1 0 0 1 0 1 0 0 1 0 0 0 0 1 1 0 0 1 0 0 0 0 0 1 0 0 0 0 0 
2080 24 36 56 10 0 4 6 2 2 2 8 2 10 10 6 6 2 6 10 0 0 1 1 0 0 1 1 0 1 1 0 0 1 0 0 1 0 0 0 0 0 0 1 0 1 1 0 1 1 1 1 0 0 1 1 1 1 1 1 0 1 1 0 0 0 1 0 0 0 1 1 0 1 0 1 0 0 1 1 1 1 1 1 0 
2122 30 52 48 24 8 2 10 10 2 2 0 2 10 10 0 2 10 6 4 0 1 0 0 0 1 1 1 1 1 1 1 1 0 1 0 0 1 1 0 1 1 1 0 0 1 0 0 1 1 0 1 1 0 0 0 0 0 1 1 0 1 1 1 0 0 0 1 0 1 0 1 0 0 0 0 0 1 0 1 0 1 1 0 1 
2176 30 28 64 8 0 10 4 0 0 10 4 4 0 10 6 2 0 0 4 8 0 0 1 0 0 0 0 0 1 0 1 0 0 1 0 1 1 1 0 1 1 1 0 1 0 1 0 0 0 0 0 0 0 0 0 0 1 1 0 0 1 0 1 1 0 0 1 0 0 0 1 0 0 0 1 1 1 1 1 1 0 1 1 0 
2158 54 56 64 46 8 10 4 0 2 4 0 6 6 4 10 4 10 8 6 0 0 1 1 1 0 1 0 0 0 1 1 0 1 1 1 0 0 0 0 0 1 0 1 0 0 1 0 1 1 0 0 1 0 1 0 0 1 1 0 0 0 1 1 0 0 1 1 0 0 0 1 0 1 0 1 0 0 0 1 0 1 1 0 0 
2064 14 48 64 4 10 0 2 6 2 2 2 8 8 6 10 10 10 2 10 6 1 1 1 0 1 0 1 1 0 1 0 1 0 1 1 1 1 1 1 0 0 0 0 0 1 0 1 1 1 1 0 0 1 1 1 1 1 1 0 1 1 0 1 1 1 1 1 0 1 1 0 0 1 0 1 1 0 1 0 1 0 1 0 1 
2064 64 16 50 4 4 6 10 4 6 0 2 0 2 0 2 8 0 6 8 6 0 0 0 0 1 1 1 1 1 1 0 0 0 0 0 1 1 1 0 1 1 1 1 1 0 1 1 0 0 1 0 0 0 1 1 0 0 1 1 1 1 1 0 0 0 1 0 1 0 1 0 1 1 0 1 0 0 1 0 1 0 1 1 1 
2192 30 24 6 48 4 6 4 4 10 2 10 0 0 10 10 8 0 10 6 10 1 0 1 1 0 0 1 0 0 1 1 1 1 1 0 0 1 1 1 0 1 0 1 1 1 0 0 0 1 1 1 1 1 0 1 0 1 0 1 0 0 1 0 1 0 1 1 1 0 1 1 1 1 0 0 1 1 0 0 1 0 0 1 0 
2022 64 66 64 6 0 10 4 4 8 10 4 0 6 4 6 2 8 2 10 0 0 1 1 0 1 0 0 0 0 1 1 1 0 0 1 0 1 1 1 0 1 1 0 0 1 0 0 1 1 0 1 1 1 1 1 1 1 0 0 0 1 0 1 1 0 1 1 0 0 1 0 1 0 0 1 0 0 1 1 0 1 0 0 0 
2164 34 60 50 0 2 6 8 8 8 6 8 6 0 10 0 8 2 0 10 6 0 1 1 1 1 0 1 1 0 1 1 0 0 1 1 0 0 1 0 0 1 0 1 1 1 1 1 0 1 0 0 0 0 1 0 1 1 1 0 0 1 0 1 1 0 1 0 1 1 0 1 1 0 1 1 1 0 0 1 0 0 0 1 1 
1362 4 10 56 56 6 0 4 0 2 8 0 8 0 8 6 6 0 2 8 4 1 1 0 1 1 1 0 1 1 0 1 1 0 0 0 0 1 0 1 1 0 0 1 0 1 0 0 0 1 1 1 0 0 0 1 1 1 1 1 0 1 1 1 0 0 1 0 1 1 0 1 0 0 1 1 1 1 0 1 0 0 0 1 1 
1508 68 56 52 56 0 6 8 2 2 6 4 4 0 8 6 8 10 4 2 4 0 0 1 1 0 1 0 0 1 1 0 1 0 0 1 0 0 1 0 0 0 1 0 1 1 0 0 1 0 1 1 0 0 0 0 0 0 0 1 0 1 0 0 1 0 0 1 0 0 1 1 0 0 1 0 0 1 0 0 0 0 1 0 0 
1572 26 42 46 48 10 6 2 10 8 10 0 8 0 2 6 4 0 8 8 2 1 1 0 1 1 0 0 1 0 1 1 1 0 1 1 0 0 0 0 0 0 1 1 0 0 1 0 0 1 1 0 0 1 1 1 1 1 1 0 1 1 0 1 1 1 0 1 0 0 1 0 0 1 0 0 1 0 0 0 0 1 0 1 0 
1478 28 44 20 10 4 10 2 2 4 0 10 0 0 2 4 10 10 2 0 2 1 0 0 1 0 0 1 1 1 1 0 1 0 1 1 1 0 0 0 0 1 0 1 1 1 0 0 0 1 0 1 1 0 0 0 1 0 1 1 0 0 1 1 0 1 1 0 0 1 0 1 1 1 1 0 0 0 0 0 0 0 1 1 1 
1436 0 30 10 52 4 8 8 8 6 10 0 10 8 6 10 2 8 0 4 8 1 0 0 0 0 0 0 0 0 1 0 1 0 0 0 1 1 1 0 1 1 0 1 1 1 0 0 0 1 1 0 0 1 0 1 1 0 0 1 1 0 0 0 0 1 0 1 0 0 0 0 1 0 0 0 1 0 1 1 0 0 0 0 0 
1578 70 4 60 38 6 8 10 8 6 4 8 4 6 8 2 10 6 8 0 0 0 0 1 1 1 1 0 1 1 1 1 1 1 0 0 1 1 0 0 1 0 1 0 1 0 0 0 0 0 0 1 0 1 0 1 0 0 1 0 1 0 0 1 1 1 1 1 1 1 0 1 1 1 1 0 0 0 0 0 1 1 1 0 0 
1502 10 4 12 6 6 6 0 6 6 6 6 8 0 10 4 2 4 2 4 8 0 0 0 0 1 0 0 0 0 0 0 1 0 1 0 1 1 1 1 1 0 1 1 1 0 0 1 1 0 1 1 1 0 0 1 0 1 1 0 1 1 1 0 0 0 0 1 1 0 0 0 0 0 1 1 0 0 0 1 0 0 1 0 0 
1522 68 26 36 38 10 8 8 6 2 6 10 2 6 0 2 10 8 8 2 4 0 1 0 1 1 1 0 1 0 1 1 0 1 0 0 0 0 0 0 1 0 0 1 0 0 0 0 0 0 1 1 0 0 0 1 1 1 0 0 1 0 0 0 1 1 1 1 1 1 1 0 1 0 0 1 1 1 0 0 1 0 1 0 0 
1394 66 70 14 64 8 6 4 8 2 0 10 6 6 8 10 4 8 6 8 2 0 0 1 1 0 1 0 1 1 0 1 1 1 0 0 0 1 1 1 0 0 1 1 1 1 1 0 0 0 0 1 0 1 0 1 0 1 0 0 0 1 0 1 1 1 1 1 1 1 1 1 1 0 0 0 0 1 0 1 0 0 0 1 0 
1662 40 70 22 40 8 0 8 6 2 0 6 8 10 8 6 6 4 8 0 4 0 0 0 1 1 0 0 1 1 0 0 1 0 0 0 0 1 0 0 0 1 0 0 1 0 0 0 1 0 1 0 1 1 1 1 0 0 0 1 1 1 1 1 1 0 0 0 1 0 1 1 0 1 0 0 1 0 0 1 0 0 0 0 0 
1584 36 42 36 6 4 2 6 8 2 2 4 10 2 8 2 8 4 6 6 4 0 0 0 0 0 0 1 0 1 0 0 0 1 0 1 1 0 0 0 1 1 0 1 0 0 0 0 1 0 1 1 0 0 1 1 1 1 1 1 0 1 0 1 0 0 0 1 0 1 0 0 0 0 1 0 1 0 0 1 1 0 1 0 1 
1604 14 58 28 2 0 10 4 2 0 10 8 8 8 2 6 8 6 4 10 6 1 0 1 1 0 0 0 1 0 1 0 0 1 1 1 1 0 0 0 1 1 0 0 1 1 1 0 1 1 0 0 0 1 1 0 1 0 1 1 0 1 0 1 1 1 0 1 0 1 1 0 1 0 1 1 1 1 0 0 1 1 0 0 1 
1466 14 36 8 66 2 6 0 8 2 6 10 2 6 8 2 10 4 8 4 0 0 1 0 0 1 1 0 0 1 0 1 0 1 0 1 0 1 0 0 0 1 1 1 0 1 1 1 1 1 0 1 1 0 0 1 0 0 0 1 1 1 1 0 1 1 0 1 1 1 0 0 0 0 1 0 0 1 1 1 1 0 0 1 0 
1402 50 38 14 14 6 4 2 8 4 10 4 10 8 6 2 0 10 4 8 4 0 1 0 1 0 1 0 1 0 1 1 1 1 1 0 0 1 1 0 0 0 1 1 1 0 1 1 1 0 0 1 0 1 1 1 0 0 0 0 0 0 1 0 0 1 0 0 0 1 0 0 0 1 0 1 0 0 0 0 1 1 1 1 1 
1552 6 28 16 52 0 10 8 6 0 8 10 6 8 4 4 6 4 0 8 10 1 0 1 0 0 1 1 1 1 1 0 1 1 1 1 1 0 1 1 1 0 0 0 1 1 1 0 0 1 0 0 0 1 0 1 1 1 0 0 1 1 1 1 0 1 0 1 0 1 1 0 0 1 1 0 0 1 0 0 1 1 0 1 1 
936 48 14 22 52 10 8 0 2 0 4 8 8 10 10 10 8 8 4 0 6 0 0 0 1 1 1 0 0 1 1 0 0 0 1 1 1 0 0 0 1 1 1 0 0 0 0 0 0 1 1 1 1 0 0 1 0 0 0 1 0 0 1 1 1 1 1 0 1 1 0 0 1 1 1 1 1 0 0 0 1 0 0 0 1 
1168 18 0 42 68 0 10 4 2 8 10 6 2 4 10 2 8 0 8 0 4 1 0 1 1 0 1 1 1 1 1 0 1 1 0 1 0 0 1 0 1 0 0 0 1 1 0 1 1 0 0 0 0 1 0 0 1 1 0 0 0 1 0 1 0 1 0 0 1 0 0 1 0 1 0 1 1 0 1 0 0 1 0 1 0 
912 18 10 64 58 0 4 6 8 6 4 6 0 8 6 8 0 10 4 10 6 0 0 1 1 1 0 1 1 1 1 0 0 0 0 1 0 0 1 1 0 1 1 1 1 0 0 0 1 0 1 0 0 1 1 0 0 1 1 1 1 1 1 0 0 1 1 1 1 0 0 1 1 1 1 1 0 1 1 1 0 0 0 1 0 
844 10 26 38 70 0 2 4 0 6 8 4 10 4 4 2 2 0 10 4 10 1 1 1 0 0 1 0 1 0 0 1 1 1 1 1 0 1 1 0 0 0 0 0 1 0 1 0 0 0 0 1 1 0 1 1 0 1 0 1 1 1 0 0 1 0 0 1 0 1 1 1 1 1 1 0 0 0 1 0 1 0 1 0 0 
988 22 58 26 66 2 0 10 6 8 6 4 6 6 2 6 4 0 4 2 10 0 1 0 0 0 0 1 0 0 1 0 0 1 1 1 0 0 1 0 1 0 0 0 0 0 1 1 0 0 0 1 1 1 0 0 1 0 1 1 1 1 1 1 1 0 1 1 1 1 0 0 1 0 0 1 0 1 1 0 1 1 1 1 0 
884 68 64 30 58 10 2 0 2 10 4 2 2 0 0 8 8 0 6 10 10 1 1 1 1 1 0 0 1 0 0 0 0 0 0 0 1 1 1 1 1 0 1 0 0 1 1 1 1 0 1 1 1 0 0 0 0 0 1 0 0 1 1 0 0 1 1 0 0 1 1 0 1 0 1 0 1 0 0 0 1 0 0 0 0 
970 34 42 56 20 0 6 0 0 4 8 2 10 10 4 8 4 6 2 4 4 1 1 1 0 0 0 1 1 0 1 1 0 0 1 1 1 0 0 0 0 0 1 0 1 0 0 0 0 0 0 0 0 1 1 1 0 1 0 0 0 0 0 0 0 1 0 1 1 1 0 0 0 0 0 1 0 1 0 1 1 0 0 1 1 
916 62 52 54 62 4 2 10 10 10 6 0 8 2 0 10 6 2 0 2 0 1 0 1 1 0 1 0 1 1 1 0 0 0 0 0 0 0 1 1 0 0 1 0 0 0 1 1 0 0 1 1 0 1 1 0 1 1 1 0 1 1 1 0 1 0 0 1 1 1 1 1 1 1 1 0 1 1 0 0 1 0 0 0 1 
938 68 12 38 48 2 4 10 0 0 6 10 2 10 4 6 10 6 2 8 6 1 0 1 1 0 1 0 0 0 1 1 1 0 1 1 1 1 1 0 1 1 0 0 0 0 0 1 1 1 1 0 1 0 1 0 1 0 1 1 1 1 1 0 0 0 1 0 1 1 0 0 0 1 0 1 1 1 0 1 0 0 0 0 0 
1010 60 54 34 32 8 2 0 2 0 4 10 0 10 4 8 6 10 10 4 10 0 0 1 1 0 0 0 0 0 0 1 1 0 0 1 0 1 1 0 0 1 1 1 1 0 0 0 0 0 0 0 1 0 0 0 0 0 1 0 1 1 1 0 1 0 1 0 1 0 1 0 0 0 0 1 1 0 1 0 0 1 0 1 0 
1158 42 18 48 26 4 8 6 10 4 10 6 0 0 10 0 2 8 2 10 10 0 0 0 1 0 0 0 1 0 1 1 0 1 1 0 0 0 1 0 1 0 0 1 0 0 0 1 0 0 0 1 0 0 0 0 0 0 1 1 0 0 1 0 1 0 1 0 1 0 0 1 0 1 0 1 0 0 0 1 0 0 1 0 0 
960 14 60 4 32 8 6 6 4 4 6 4 6 8 10 6 4 2 8 4 8 1 0 1 1 0 1 1 0 1 1 0 0 0 1 1 0 0 1 0 0 0 1 0 0 0 0 0 0 0 0 0 0 1 1 1 1 1 1 1 1 1 1 1 1 1 0 0 1 0 0 0 1 1 0 1 0 1 0 0 0 0 0 0 1 
1094 20 44 52 46 8 2 4 2 4 4 2 2 6 8 0 2 6 8 10 4 1 0 1 0 1 1 0 1 0 1 1 0 1 0 1 1 0 1 0 0 1 1 0 1 0 0 0 1 0 1 0 0 1 0 1 1 0 0 1 0 1 0 1 0 0 0 0 0 0 0 1 1 0 1 1 1 0 0 0 1 0 1 0 1 
950 34 54 70 40 8 2 8 0 6 8 2 10 8 0 0 0 8 8 10 6 0 1 0 1 1 0 0 1 1 0 0 0 0 1 0 1 0 0 1 1 0 0 0 0 1 1 0 1 1 0 1 1 1 1 1 0 1 1 1 1 0 1 1 0 1 1 0 1 1 1 1 0 1 0 0 0 1 0 0 1 0 1 1 1 
820 54 64 16 34 2 8 6 0 6 0 0 8 2 8 8 8 2 4 8 8 1 1 1 0 1 1 0 0 1 1 0 1 0 0 1 0 1 0 0 0 1 0 1 0 0 1 0 0 1 0 0 0 0 1 1 1 1 1 1 1 0 0 1 1 1 0 0 0 1 1 1 1 1 0 0 0 1 0 1 1 0 1 1 1 
618 8 46 60 52 0 6 4 0 6 8 0 8 2 0 4 8 0 10 8 10 0 1 1 1 1 1 0 0 0 0 1 1 1 1 0 1 0 1 1 1 0 0 1 1 1 1 1 1 1 1 0 1 0 1 1 1 1 1 0 0 1 1 1 1 0 0 0 1 0 0 1 1 1 0 0 0 0 0 1 1 0 0 1 0 
766 4 18 10 22 4 6 6 0 6 8 4 4 0 2 10 10 2 6 0 8 0 1 1 1 0 0 0 1 1 0 0 1 1 0 0 0 0 0 0 1 1 1 0 0 0 0 1 1 1 0 1 0 1 0 1 0 1 1 0 1 0 1 0 1 0 0 1 0 0 0 0 1 1 0 1 0 1 1 1 0 0 0 1 0 
712 48 18 44 50 6 10 2 2 2 6 6 0 0 8 6 8 6 10 2 10 1 0 1 1 0 1 0 0 0 0 0 0 0 1 1 0 1 0 0 1 1 1 1 0 0 0 0 1 0 0 0 0 0 1 1 1 0 0 1 0 1 1 1 1 1 1 1 1 1 0 0 1 1 1 0 0 1 0 0 0 1 1 1 1 
742 44 6 44 70 6 6 4 10 4 8 10 4 6 0 0 6 8 0 10 8 0 0 0 1 0 1 0 0 0 1 0 1 0 1 1 1 1 0 1 1 1 1 1 1 1 0 0 1 0 0 0 1 1 1 1 0 0 0 1 0 0 0 0 0 0 1 0 1 1 0 0 1 0 1 0 1 1 0 1 0 1 0 0 1 
688 18 68 2 26 4 6 0 6 6 2 10 4 0 6 2 8 8 10 8 10 0 0 0 0 0 1 0 0 1 1 1 0 0 0 1 1 1 0 1 0 1 0 1 0 1 1 0 0 0 0 1 0 1 0 0 1 0 0 0 1 0 1 0 0 0 1 0 0 1 1 1 0 1 1 0 0 0 1 0 1 0 0 0 0 
698 20 38 66 62 10 6 0 6 4 4 2 6 0 6 6 10 8 0 2 10 0 0 0 1 0 0 0 0 0 0 0 1 1 1 0 0 1 0 0 1 0 1 1 1 0 0 0 1 0 0 0 1 0 1 1 1 0 1 1 0 1 1 1 1 1 1 0 0 0 0 1 0 0 0 1 1 0 1 1 0 1 0 0 0 
678 6 60 0 46 8 6 6 2 2 10 6 0 0 10 6 2 6 0 0 4 0 0 1 1 0 0 1 0 0 0 1 1 1 1 1 1 1 1 0 1 0 0 1 0 0 1 1 0 0 0 0 1 1 1 1 0 1 1 1 0 1 1 0 1 1 0 1 1 1 1 0 1 1 1 1 0 1 1 1 0 1 0 0 0 
614 32 48 42 10 2 6 2 6 10 2 8 6 10 0 4 8 0 6 2 10 1 0 0 1 1 1 1 1 1 0 0 1 1 1 1 0 0 1 0 1 1 1 1 0 1 0 1 0 0 0 1 1 0 0 1 1 0 0 1 0 1 0 0 1 0 1 0 1 1 0 0 1 1 1 0 1 1 0 0 0 0 1 1 1 
604 30 18 70 46 6 6 0 2 0 8 4 0 2 4 0 6 6 8 2 0 1 1 1 0 0 0 1 0 1 0 1 0 0 1 0 0 1 0 0 0 1 1 0 0 1 0 0 0 0 1 1 0 0 1 1 1 1 0 0 0 1 1 1 0 1 1 0 1 1 0 0 0 0 0 0 0 1 0 1 1 1 0 0 1 
798 16 56 20 42 8 8 0 0 10 2 8 0 2 8 2 4 8 0 6 8 0 1 1 1 0 1 1 0 0 0 0 1 0 1 0 1 0 0 0 1 1 0 0 0 0 0 1 1 0 1 1 1 1 0 0 0 1 0 0 0 0 0 1 1 1 0 0 0 1 1 1 0 0 1 0 0 0 1 1 0 0 1 1 0 
796 26 64 26 22 4 10 10 8 4 2 10 0 0 4 8 10 2 4 0 4 0 1 0 1 1 0 0 0 1 1 0 1 0 0 0 1 0 1 0 0 1 0 1 0 1 0 1 1 1 0 1 0 0 0 0 0 1 1 0 0 1 0 0 1 1 0 0 0 1 0 1 1 1 0 1 0 1 0 1 0 0 1 1 1 
748 18 60 14 22 4 4 8 0 2 2 10 6 10 4 2 6 6 0 6 8 0 1 1 1 0 1 1 1 0 1 1 1 0 0 1 0 1 1 1 0 1 0 1 0 1 1 0 0 1 0 0 1 1 0 0 1 1 1 0 1 1 0 0 0 0 0 1 0 1 0 0 1 0 1 1 1 0 0 0 1 1 1 0 0 
728 42 60 54 14 2 10 4 4 2 2 6 4 2 4 6 4 2 4 4 2 0 1 0 1 0 1 0 0 1 1 1 0 0 0 0 1 0 1 1 1 0 0 1 1 1 1 0 1 1 0 0 0 1 0 0 0 0 1 0 1 1 0 0 1 0 1 1 0 0 1 1 1 0 1 0 0 0 1 1 0 1 1 0 1 
752 32 36 38 36 0 4 0 6 2 0 2 4 8 2 4 2 8 4 0 8 0 0 0 0 0 0 1 1 1 0 0 1 0 0 0 0 1 1 0 0 1 1 1 0 1 0 0 0 0 1 1 1 1 1 0 0 1 0 0 0 1 0 0 1 0 0 1 0 0 0 0 1 1 1 1 0 1 0 0 0 1 0 0 1 
640 68 70 60 22 0 2 2 0 8 2 8 2 2 6 6 0 0 0 0 2 1 1 1 1 1 0 1 0 0 1 0 0 1 1 1 0 0 0 0 1 1 0 0 1 1 0 1 1 1 0 0 0 0 1 1 0 0 1 0 1 1 0 0 0 0 1 0 0 0 0 0 0 1 0 0 0 1 1 0 1 1 1 1 1 
