354 7 9 13 7 
322 0 5 0 2 
330 1 2 7 11 
328 1 9 0 3 
322 1 0 0 1 
330 0 6 0 6 
307 0 0 0 0 
326 4 4 10 17 
327 0 0 6 3 
340 6 7 4 18 
344 6 0 5 9 
335 1 2 4 0 
337 8 20 7 6 
323 5 0 14 4 
305 0 0 8 4 
318 2 3 0 11 
340 4 12 1 4 
325 4 0 0 1 
317 3 0 3 4 
329 7 9 4 7 
323 4 2 0 6 
325 1 5 0 5 
294 0 0 2 2 
340 0 1 11 5 
317 0 2 0 14 
323 4 4 8 0 
332 3 3 15 12 
300 0 4 1 3 
320 0 3 0 0 
304 5 0 2 3 
310 3 13 8 9 
322 0 4 8 4 
325 1 5 0 10 
313 2 0 3 9 
334 1 0 1 9 
336 3 11 3 12 
317 0 3 2 7 
345 3 7 3 4 
340 4 10 4 2 
332 6 20 14 8 
315 9 4 4 9 
325 4 2 0 2 
332 5 6 1 4 
329 0 14 11 20 
336 1 0 0 17 
331 8 11 12 0 
342 13 5 3 7 
330 0 1 15 8 
324 3 2 0 20 
315 2 8 4 19 
326 4 5 0 2 
317 3 4 1 0 
324 4 6 0 4 
283 0 1 0 7 
327 3 7 0 5 
338 3 0 11 10 
315 0 3 11 13 
323 9 13 4 18 
324 3 4 3 10 
307 3 0 11 1 
317 1 0 0 0 
326 0 4 3 5 
314 0 2 0 13 
338 0 1 13 7 
340 4 3 5 1 
304 0 2 0 1 
326 1 6 10 4 
340 10 8 19 0 
314 0 0 5 8 
309 2 5 0 4 
325 0 1 1 6 
332 0 4 1 2 
323 0 2 7 3 
335 0 0 5 2 
332 2 0 1 6 
325 0 12 16 7 
335 1 0 1 3 
284 0 1 1 1 
327 16 4 15 13 
313 0 5 3 2 
