318 0 0 2 1 
316 1 0 0 9 
332 3 0 2 9 
336 15 1 8 0 
321 0 0 4 0 
315 6 3 7 2 
347 5 10 0 13 
332 2 8 3 8 
297 2 0 4 1 
321 0 13 2 11 
340 8 9 3 11 
302 10 9 0 7 
334 4 17 14 9 
331 0 0 8 8 
339 9 7 12 3 
319 0 0 3 11 
336 10 3 17 0 
320 12 16 8 15 
327 5 1 20 11 
336 1 11 14 0 
314 0 8 0 1 
337 0 9 3 11 
339 3 2 17 15 
338 3 10 2 12 
310 3 0 4 0 
337 0 5 7 7 
305 11 8 13 7 
333 4 16 12 12 
334 2 10 4 12 
325 0 0 2 0 
320 13 0 8 3 
327 0 5 2 3 
315 0 9 5 14 
310 1 0 3 0 
337 4 0 0 0 
336 0 1 2 7 
325 1 0 1 6 
331 10 11 2 11 
323 1 1 0 0 
320 8 1 3 8 
322 0 0 1 7 
343 4 14 7 2 
339 0 6 2 16 
330 4 8 9 0 
317 4 5 7 13 
336 8 1 2 1 
331 2 17 3 0 
323 2 3 0 1 
319 5 6 0 5 
319 0 2 3 5 
329 7 0 23 8 
272 0 1 1 0 
340 7 7 12 13 
331 3 3 3 9 
321 0 4 5 8 
333 0 0 11 0 
314 11 0 4 1 
335 0 3 10 0 
339 15 14 6 15 
316 3 5 0 3 
327 0 3 8 19 
318 5 2 0 1 
333 9 10 6 11 
337 0 1 14 8 
328 11 17 1 6 
325 0 14 0 5 
322 2 1 17 9 
327 0 3 0 14 
323 0 1 2 7 
331 4 0 0 16 
336 6 3 0 9 
337 0 7 13 0 
331 3 5 1 6 
331 0 0 0 2 
334 1 0 1 1 
323 2 8 0 8 
320 9 4 11 8 
319 1 0 2 7 
333 11 4 2 8 
339 6 4 7 0 
