141 58 59 69 56 
161 62 58 52 49 
145 51 53 56 59 
157 63 58 62 47 
130 43 68 76 70 
139 43 55 54 77 
142 67 57 60 73 
166 50 52 55 54 
172 55 45 60 64 
157 50 56 51 54 
160 59 56 60 61 
167 55 43 46 59 
151 58 66 51 61 
139 58 63 55 66 
164 38 41 58 46 
151 53 64 55 56 
172 57 59 49 55 
168 53 61 53 53 
161 55 43 62 34 
193 43 52 47 47 
178 51 54 59 61 
156 49 59 59 50 
166 53 49 55 61 
166 62 66 53 67 
139 48 54 59 65 
174 32 43 40 57 
159 50 59 62 61 
167 57 68 55 67 
160 48 50 64 52 
161 48 47 42 65 
184 36 33 48 43 
141 43 54 56 52 
156 51 56 62 62 
138 54 58 68 70 
166 53 47 59 48 
144 59 65 64 58 
136 55 67 68 61 
127 56 70 53 65 
161 46 59 52 60 
155 53 49 70 54 
148 72 55 51 57 
156 61 62 56 54 
143 47 51 55 60 
175 42 55 56 61 
169 60 47 36 53 
186 46 60 40 42 
179 25 41 44 41 
165 60 53 41 52 
161 42 57 48 58 
167 50 49 51 55 
150 59 55 58 52 
160 54 59 53 73 
153 59 39 63 60 
140 63 72 64 59 
168 44 50 61 67 
142 53 76 51 73 
163 65 48 61 58 
157 49 52 60 67 
150 64 68 50 60 
137 69 47 56 68 
