155 54 59 71 56 
155 46 60 50 56 
164 40 36 55 52 
144 59 38 47 56 
124 55 57 68 67 
163 57 52 63 57 
160 65 52 60 49 
144 48 59 48 60 
147 63 51 60 62 
146 58 46 52 73 
159 52 51 58 56 
146 58 63 66 67 
176 53 46 59 52 
136 70 54 72 63 
166 61 62 62 54 
156 52 49 63 61 
158 58 63 55 44 
175 46 55 43 51 
157 51 55 41 64 
139 53 56 55 62 
172 39 36 33 58 
149 44 44 54 59 
173 35 48 46 37 
167 57 41 53 51 
167 36 54 40 60 
156 66 55 51 58 
161 45 56 69 60 
125 64 58 66 57 
167 50 50 63 54 
156 57 55 63 61 
150 52 54 62 79 
153 45 71 47 56 
160 60 63 50 63 
150 48 50 45 52 
159 60 69 57 60 
152 66 64 60 62 
168 47 44 53 55 
152 58 62 59 72 
155 52 45 54 63 
151 53 53 46 75 
