0 90 101 97 103 
0 97 115 112 106 
0 90 103 102 108 
0 98 87 109 108 
0 98 105 100 112 
0 81 101 104 110 
0 107 108 101 97 
0 105 103 93 108 
0 86 100 100 107 
0 76 99 103 110 
0 96 108 105 118 
0 117 111 103 99 
0 107 111 102 101 
0 100 108 104 117 
0 92 96 110 104 
0 103 102 104 91 
0 92 98 110 104 
0 110 112 111 115 
0 102 108 113 101 
0 100 115 101 119 
0 104 106 122 103 
0 98 101 109 117 
0 106 93 94 108 
0 95 112 108 103 
0 92 105 111 109 
0 98 98 87 99 
0 103 101 106 94 
0 99 92 96 105 
0 114 97 102 95 
0 107 105 99 111 
0 117 96 104 95 
0 102 104 98 106 
0 104 106 98 110 
0 95 107 101 108 
0 108 111 97 106 
0 95 99 108 117 
0 87 97 96 101 
0 94 108 111 104 
0 110 92 97 96 
0 96 112 119 114 
0 88 100 102 107 
0 116 98 100 111 
0 104 110 103 102 
0 102 102 107 107 
0 93 99 90 100 
0 102 115 107 120 
0 112 95 114 117 
0 99 103 98 104 
0 106 108 115 102 
0 96 91 96 111 
0 109 105 109 102 
0 101 105 109 110 
0 93 101 103 111 
0 99 108 96 107 
0 105 102 109 102 
0 121 105 115 100 
0 96 109 93 105 
0 105 108 91 104 
0 102 91 103 105 
0 100 109 107 105 
