0 119 115 121 109 
0 116 111 125 130 
0 106 127 125 124 
0 105 121 120 113 
0 115 128 129 131 
0 100 123 115 127 
0 106 116 114 119 
0 102 107 112 119 
0 114 101 115 123 
0 98 106 107 112 
0 103 97 113 108 
0 117 117 115 115 
0 124 114 125 121 
0 106 107 111 130 
0 109 120 117 108 
0 111 111 134 128 
0 121 119 111 119 
0 99 117 118 113 
0 120 111 114 114 
0 114 114 121 131 
0 103 104 105 125 
0 117 119 130 124 
0 120 109 121 115 
0 93 111 107 123 
0 113 110 105 128 
0 106 109 117 118 
0 116 118 116 115 
0 110 121 122 123 
0 112 113 113 122 
0 97 124 122 111 
0 106 110 106 113 
0 103 125 118 123 
0 122 121 118 115 
0 104 113 119 120 
0 117 108 126 128 
0 93 104 123 109 
0 104 109 101 122 
0 107 114 118 131 
0 106 114 114 104 
0 99 116 116 124 
