0 97 101 99 103 
0 97 111 98 101 
0 98 103 110 109 
0 99 114 105 108 
0 97 97 110 97 
0 95 84 99 109 
0 112 89 108 102 
0 105 106 123 105 
0 87 105 86 100 
0 101 96 89 103 
0 88 107 100 113 
0 105 106 125 106 
0 100 104 101 104 
0 99 110 108 111 
0 95 94 100 105 
0 95 95 97 96 
0 99 100 108 104 
0 92 105 102 104 
0 112 94 105 93 
0 101 92 107 113 
0 110 98 94 101 
0 96 102 109 108 
0 112 110 106 107 
0 107 99 112 92 
0 99 95 107 124 
0 96 118 97 98 
0 110 105 116 103 
0 90 107 99 106 
0 99 100 112 103 
0 97 101 106 99 
0 100 93 99 111 
0 97 103 110 114 
0 102 101 106 94 
0 104 107 96 107 
0 94 100 109 101 
0 105 91 99 102 
0 89 113 94 118 
0 115 107 109 109 
0 106 103 106 96 
0 110 112 109 110 
