1232 6 6 10 10 3 1 2 3 0 1 4 0 0 0 0 0 1 1 0 0 
1184 14 4 6 2 2 5 2 5 2 1 0 0 1 14 0 1 4 4 0 8 
1216 10 2 0 12 1 0 1 1 0 2 0 0 0 2 1 0 3 3 1 0 
1200 14 12 6 12 2 1 0 2 0 0 1 1 2 6 1 0 0 7 0 0 
1232 8 6 0 14 2 1 3 2 1 1 1 1 1 12 0 0 18 6 5 1 
1200 0 2 2 0 0 1 0 0 8 3 1 3 0 0 2 1 1 1 1 0 
1184 4 4 10 4 0 2 0 0 1 1 0 1 2 2 6 0 1 1 0 0 
1200 4 6 12 12 1 1 1 0 0 0 1 3 1 0 1 0 5 1 1 0 
1232 4 0 4 6 1 1 1 1 1 2 1 2 1 2 5 0 8 1 1 1 
1168 8 12 8 8 2 0 0 1 0 5 1 6 2 0 1 0 0 2 0 1 
1168 4 10 14 12 13 7 28 11 1 3 0 1 1 0 0 5 2 0 1 1 
1200 14 12 2 12 2 1 2 1 1 1 3 0 1 0 1 1 3 3 1 1 
1232 10 14 12 14 1 0 1 0 4 0 0 1 1 1 2 0 2 0 1 0 
1232 2 6 10 8 0 0 6 1 2 2 5 1 2 1 0 0 3 1 1 1 
1200 12 2 4 6 2 1 1 3 3 5 0 5 1 0 0 1 0 2 4 0 
