4446 54 60 40 30 8 0 2 2 0 2 4 4 0 8 6 2 10 8 8 8 1 0 1 0 1 1 0 0 1 0 0 1 1 0 0 1 0 0 0 1 0 0 0 0 0 0 0 0 1 0 1 0 1 0 1 1 1 1 1 0 0 1 1 1 1 0 1 1 0 0 1 1 1 1 1 0 1 1 0 1 0 0 0 1 
4382 22 28 62 16 8 0 0 6 2 0 8 0 6 6 12 2 8 6 8 10 1 0 0 1 1 0 1 0 1 0 1 1 0 1 1 1 2 1 1 1 2 0 0 1 1 1 0 0 0 0 0 0 1 1 0 1 0 0 1 0 1 1 0 1 3 0 0 0 0 0 0 1 0 0 1 1 0 0 1 0 1 0 1 0 
4518 16 4 26 70 6 0 8 2 10 6 6 2 10 4 2 2 2 4 6 6 1 1 1 0 1 0 0 0 0 1 0 1 1 0 0 1 0 1 1 0 1 0 0 0 1 0 0 0 1 1 0 0 1 1 0 1 1 0 0 2 1 1 1 0 1 0 0 1 0 0 0 0 0 1 1 0 1 0 1 1 1 0 1 0 
4374 44 16 28 32 8 8 10 8 4 2 8 6 10 8 0 4 8 0 2 6 0 2 1 0 0 0 0 1 1 1 0 1 1 0 1 1 0 1 1 0 1 0 1 0 0 0 1 1 1 1 0 0 1 1 1 1 1 1 1 1 0 1 0 0 1 1 1 1 1 1 0 1 0 0 1 2 0 1 1 0 1 1 1 1 
4412 54 16 34 34 4 8 6 6 6 8 10 10 4 8 10 4 10 0 8 2 0 1 0 1 0 0 0 0 0 1 1 1 0 0 1 1 0 0 1 1 0 1 0 1 0 0 1 0 0 1 1 0 0 1 1 1 0 2 1 0 1 1 0 1 1 0 1 0 1 1 0 0 1 1 0 0 1 0 1 1 1 0 0 1 
4490 54 18 0 12 10 10 10 8 0 0 4 2 2 6 10 8 10 4 0 8 1 0 0 1 1 0 1 0 1 0 0 0 1 0 0 0 1 1 1 1 1 1 0 2 1 0 0 0 0 0 1 1 1 1 0 0 1 3 1 1 1 1 1 1 0 1 0 0 1 0 0 1 1 1 0 1 0 1 0 0 0 0 1 0 
4390 4 16 38 44 8 2 2 10 0 10 6 2 0 8 2 8 8 8 4 4 0 1 0 0 1 0 1 1 0 0 0 0 1 1 1 1 0 0 0 1 1 1 1 0 1 0 1 1 1 0 1 1 0 0 1 1 1 0 1 1 0 1 1 1 0 0 1 0 2 0 1 0 0 0 1 1 0 3 0 0 3 1 1 1 
4434 46 10 16 24 0 8 0 6 10 10 6 2 0 10 2 2 2 0 2 8 1 0 2 0 0 1 1 1 0 1 0 0 1 1 1 1 1 0 0 0 1 1 0 0 1 1 0 0 0 1 0 1 1 1 0 0 1 0 0 0 0 0 1 0 0 3 1 0 0 0 1 0 0 0 1 0 1 0 1 0 1 0 1 1 
4310 36 42 20 12 2 0 4 10 4 6 10 2 0 10 8 10 4 4 2 0 1 1 0 1 0 0 1 0 0 1 0 1 1 0 2 1 1 0 1 1 1 0 0 0 1 0 1 1 1 1 0 1 0 1 1 1 1 0 0 0 0 1 0 0 1 0 0 0 1 0 1 0 1 1 0 0 1 1 1 0 1 1 1 1 
4408 22 34 44 64 10 4 0 0 4 10 2 4 4 4 0 2 6 0 4 6 1 1 0 0 0 1 1 1 1 1 0 2 1 0 0 0 0 1 1 0 0 1 0 0 1 1 1 1 1 1 1 1 1 1 3 1 0 1 0 0 0 0 1 0 1 0 1 1 2 1 1 1 1 0 1 1 1 0 1 0 0 1 0 0 
4386 34 20 70 2 0 6 8 0 2 10 0 6 2 2 2 0 6 6 10 4 1 0 1 0 0 1 1 0 0 1 0 0 0 1 1 0 1 0 1 1 1 1 1 0 1 0 1 1 1 0 0 1 0 0 0 1 1 0 0 0 0 1 1 1 0 1 1 1 1 0 0 0 0 0 2 0 0 0 0 0 1 0 1 0 
4400 2 36 10 44 0 4 6 0 8 8 6 2 0 2 0 0 0 4 8 4 0 0 1 0 0 0 3 0 1 0 1 0 1 1 0 1 1 0 0 1 1 0 0 1 0 1 0 1 1 1 0 1 1 0 1 1 0 0 0 1 0 0 0 0 1 0 1 1 0 0 0 1 0 1 2 2 0 0 1 2 0 1 0 1 
4460 34 20 64 42 6 2 2 10 0 6 0 10 8 0 0 4 4 4 6 2 0 0 1 1 0 0 1 1 0 0 1 0 1 0 0 1 0 0 1 0 1 1 0 1 1 1 1 1 1 0 0 0 0 1 0 0 0 1 0 1 0 1 1 0 0 1 0 1 1 1 1 1 1 0 0 0 0 3 1 1 0 0 1 1 
4434 60 16 16 42 4 2 4 0 2 6 4 0 8 8 0 10 0 4 2 10 1 1 1 0 0 1 1 0 0 1 1 0 1 0 0 1 0 0 1 1 0 0 0 0 1 1 1 1 1 0 1 1 0 1 0 0 1 1 0 1 1 2 1 0 1 2 0 1 0 1 0 0 0 0 0 1 0 1 0 1 0 1 1 0 
4440 50 52 18 22 10 6 6 10 0 10 10 10 8 0 10 0 10 4 10 6 1 0 1 1 0 1 1 1 0 0 2 1 1 1 1 0 0 0 0 0 0 0 0 1 1 0 0 0 0 1 0 0 2 0 0 1 0 0 1 0 0 0 0 0 3 1 0 0 1 1 0 0 0 1 1 0 0 1 0 1 1 1 1 1 
