4224 48 96 48 16 12 14 14 10 4 6 2 14 8 4 16 12 4 8 14 4 1 1 0 1 1 0 1 0 0 0 1 0 0 1 2 1 1 1 0 2 1 2 2 1 0 0 0 5 0 0 2 0 1 1 0 1 1 0 2 1 0 2 1 0 1 1 1 0 3 0 1 0 0 0 0 1 0 1 1 0 2 1 0 1 
4096 48 32 64 64 2 6 8 4 8 0 6 0 6 8 4 14 8 8 12 8 0 0 1 0 0 2 1 1 2 1 0 3 1 1 4 1 1 1 0 1 0 0 1 1 1 0 2 1 0 1 1 1 1 1 3 1 1 1 1 2 0 1 1 1 2 1 0 1 2 0 1 0 0 1 1 1 0 3 0 0 0 1 2 0 
4096 64 48 0 32 10 10 10 6 6 4 14 8 4 4 4 10 12 0 14 8 0 1 0 1 0 1 1 1 1 0 1 0 2 1 0 0 3 1 3 0 1 1 0 2 0 1 0 1 14 3 2 1 1 0 2 0 1 0 1 0 2 2 1 0 1 1 0 0 1 0 0 3 3 0 1 1 1 1 2 0 1 1 1 1 
4096 32 32 32 48 8 6 8 6 8 10 14 2 10 0 0 2 10 2 8 0 0 1 2 1 1 2 1 2 6 0 3 1 1 2 0 0 2 1 2 3 1 1 1 1 0 0 0 0 1 0 0 0 1 0 1 2 1 1 3 0 4 1 1 0 0 0 6 1 2 1 0 3 0 1 4 1 0 1 1 1 2 0 1 0 
4096 48 112 16 32 6 12 4 6 14 12 4 6 14 8 10 12 12 14 2 12 2 3 1 2 0 0 0 1 1 0 6 1 0 0 1 0 4 1 0 3 1 0 1 0 1 1 1 0 2 1 0 1 1 0 2 2 1 1 0 12 3 0 0 1 1 1 0 1 1 1 0 1 1 0 2 1 1 1 0 0 1 1 0 1 
4224 32 16 32 64 14 4 14 2 6 6 10 12 2 14 2 8 2 2 6 0 1 0 0 0 1 0 1 0 1 1 1 1 1 1 5 1 4 1 2 1 0 0 1 1 3 0 1 5 1 0 4 0 1 1 3 0 3 0 1 1 1 2 1 1 1 0 1 1 4 0 1 3 1 1 1 0 0 0 1 1 2 2 3 2 
4224 64 80 48 112 0 4 12 14 4 12 0 14 14 14 2 8 0 8 4 0 0 8 1 0 2 0 0 0 0 0 1 0 1 0 8 3 1 1 0 3 0 0 0 1 0 0 0 0 0 1 1 0 0 0 0 3 1 3 1 1 1 0 1 0 1 0 1 0 3 1 0 1 0 3 1 1 4 1 0 0 1 1 1 0 
4224 48 64 32 16 6 0 14 12 12 4 4 12 10 10 8 4 0 10 12 2 1 2 1 3 1 1 2 0 0 1 0 1 0 1 1 0 1 0 1 1 1 1 1 1 3 0 0 2 0 0 0 0 1 6 1 2 2 1 3 2 0 0 1 1 0 0 1 0 3 0 1 0 3 1 0 1 1 0 1 1 1 0 1 1 
4224 80 48 64 16 14 2 14 6 14 8 2 12 14 12 6 8 12 12 6 2 1 1 1 1 0 0 1 9 1 1 1 1 1 1 0 1 12 1 1 2 4 2 0 6 0 0 1 0 1 0 1 1 1 1 1 6 1 2 0 1 1 1 2 1 0 1 0 1 1 0 1 0 0 1 6 2 0 1 1 1 0 1 1 0 
4096 32 64 32 48 14 8 2 4 12 2 0 12 6 14 6 2 2 0 8 8 1 1 1 1 1 4 2 1 1 1 1 1 1 1 1 0 0 1 0 0 2 0 1 1 0 3 1 5 1 1 4 0 1 1 0 0 0 1 0 0 1 0 1 0 0 0 0 0 0 3 4 3 0 0 2 0 1 0 1 0 1 0 0 2 
4224 80 16 0 0 2 4 8 0 10 2 0 12 0 10 6 12 4 4 12 14 0 4 1 0 2 3 1 0 1 4 0 0 0 1 1 0 1 5 1 0 1 1 1 1 1 3 0 2 1 3 3 1 0 1 2 3 0 2 1 1 0 0 0 1 0 4 0 2 0 1 2 0 1 0 1 0 0 1 0 0 2 1 0 1 
4224 96 32 48 64 14 10 12 10 10 14 6 6 6 4 4 4 12 14 8 4 2 3 0 1 1 0 1 4 1 1 0 0 0 1 1 0 0 1 1 3 0 0 0 1 1 1 0 1 1 4 4 0 1 3 1 0 1 2 0 1 0 2 0 1 0 0 2 0 2 0 0 0 0 0 1 0 2 3 2 1 0 1 0 1 
4224 16 32 0 0 8 2 8 0 12 14 2 0 12 6 14 12 6 8 10 8 1 0 1 0 1 1 1 1 1 1 2 0 0 0 1 1 5 3 4 1 0 1 2 1 0 0 1 0 0 1 1 1 1 0 2 7 1 0 1 10 2 1 1 1 1 1 1 1 1 1 1 1 1 0 1 1 4 0 1 2 1 0 0 0 
4096 64 48 48 32 12 2 18 0 8 4 10 10 0 0 4 0 2 6 12 8 1 1 1 1 2 1 2 1 1 1 1 0 2 1 4 1 3 8 1 1 1 1 1 0 1 2 1 1 1 0 0 1 0 1 1 9 2 1 0 2 4 0 10 0 1 2 0 1 0 1 3 1 1 1 0 0 3 0 1 0 0 1 1 0 
4096 16 0 64 32 14 0 6 4 4 8 8 10 4 6 8 8 8 10 6 8 0 0 1 0 0 0 1 0 3 1 0 0 0 0 0 0 0 1 1 0 1 1 0 0 1 1 0 1 2 0 1 0 2 2 1 6 1 1 0 0 1 1 3 1 1 0 1 0 0 0 5 3 1 1 1 1 2 1 0 0 0 1 0 0 
