1248 8 6 2 0 0 0 0 0 1 1 1 1 1 1 1 0 1 1 1 1 
1212 2 8 4 0 1 1 1 1 1 1 0 1 1 1 1 1 0 1 1 0 
1208 6 10 6 6 1 0 0 1 0 0 1 1 0 1 1 1 1 1 0 1 
1158 4 8 8 6 1 1 1 0 0 0 1 0 0 1 0 0 1 1 0 1 
1204 2 4 10 10 0 1 0 1 1 0 0 1 0 0 2 1 0 0 0 0 
1172 4 6 4 10 1 0 1 1 1 0 1 0 0 0 0 1 0 1 0 1 
1250 8 0 6 6 0 0 0 0 1 1 0 1 1 0 1 0 1 0 0 2 
1188 10 0 6 10 1 1 1 1 0 1 1 1 1 0 1 1 0 0 1 1 
1212 4 6 4 0 1 0 0 0 0 0 0 0 1 4 1 1 0 1 0 1 
1182 10 4 6 8 0 1 0 0 0 0 1 0 0 1 1 0 1 1 0 1 
1170 6 8 4 4 1 1 1 1 1 0 1 0 1 1 0 1 1 0 1 0 
1200 4 10 6 8 0 0 0 0 1 0 0 0 0 1 0 0 1 0 1 1 
1204 6 10 2 0 1 1 0 1 1 0 1 0 0 1 1 1 1 1 0 1 
1194 0 8 0 4 0 3 1 0 2 0 1 1 0 1 1 0 1 1 1 0 
1196 8 6 2 6 0 1 1 1 0 0 0 1 1 0 1 1 1 1 0 1 
