Forage: 16, 36, 40, 32, 37, 39, 39, 33, 31, 21, 12
Forage: 23, 34, 34, 32, 31, 38, 24, 27, 18, 13, 22, 19, 17
Forage: 16, 27, 33, 37, 25, 27, 26, 25, 25, 23, 14, 12, 15, 11, 13
Forage: 10, 29, 27, 30, 24, 22, 16, 13, 17, 19, 22, 19, 17, 16, 14, 18, 22
Forage: 10, 38, 35, 35, 35, 31, 25, 22, 20, 20, 25, 22, 14
Forage: 17, 30, 36, 35, 27, 24, 25, 30, 18, 25, 19, 15, 19, 13
Forage: 15, 26, 34, 34, 22, 21, 26, 22, 21, 21, 28, 28, 15, 12, 9
Forage: 8, 32, 34, 29, 38, 29, 24, 31, 25, 20, 15, 15, 8, 13, 11
Forage: 13, 35, 38, 39, 35, 31, 26, 23, 24, 20, 25, 25
Forage: 14, 18, 31, 30, 29, 27, 27, 20, 15, 22, 22, 19, 17, 21, 8, 15
Forage: 22, 38, 31, 34, 38, 32, 23, 27, 23, 17, 18, 14, 20
Forage: 14, 22, 25, 26, 28, 37, 29, 25, 21, 26, 13, 23, 19, 10, 12
Forage: 16, 38, 25, 40, 28, 37, 27, 14, 15, 8, 13, 22, 12, 8, 5, 7, 7, 10
Forage: 12, 27, 21, 28, 35, 24, 23, 15, 21, 25, 21, 22, 25, 28
Forage: 12, 29, 38, 32, 35, 31, 24, 24, 19, 19, 22, 17, 14, 16
Forage: 19, 29, 30, 29, 27, 26, 19, 23, 20, 22, 26, 14, 11, 13, 13, 15
Forage: 19, 37, 37, 38, 41, 26, 28, 28, 17, 18, 15, 17, 16
Forage: 15, 29, 34, 32, 29, 24, 33, 25, 25, 26, 15, 18, 11, 10
Forage: 17, 32, 35, 28, 28, 26, 30, 25, 19, 12, 13, 19, 15, 22
Forage: 20, 33, 33, 34, 37, 29, 16, 24, 16, 15, 14, 11, 9, 13, 11, 14
Forage: 18, 31, 43, 31, 36, 26, 26, 22, 22, 18, 11, 15, 16, 17
Forage: 17, 33, 37, 42, 36, 31, 27, 25, 25, 19, 17, 14, 9
Forage: 10, 20, 38, 26, 35, 29, 22, 28, 21, 29, 23, 20, 14, 10, 7
Forage: 16, 25, 32, 27, 28, 30, 32, 23, 27, 18, 16, 16, 14, 14, 10, 9
Forage: 13, 26, 31, 27, 27, 29, 30, 27, 34, 20, 19, 19, 15, 15
Forage: 22, 34, 36, 29, 34, 29, 37, 37, 30, 24, 16
Forage: 18, 26, 34, 29, 28, 24, 22, 23, 14, 12, 15, 24, 12, 11, 14, 7, 10, 12
Forage: 19, 41, 33, 30, 32, 32, 34, 23, 28, 18, 20, 9, 5, 7
Forage: 7, 32, 28, 32, 36, 31, 25, 18, 19, 22, 23, 20, 27
Forage: 20, 37, 40, 32, 32, 37, 25, 23, 26, 19, 20, 19
Forage: 13, 40, 34, 30, 24, 23, 20, 13, 18, 24, 24, 25, 20, 21
Forage: 11, 24, 23, 31, 37, 32, 33, 31, 26, 30, 23, 20, 11
Forage: 22, 29, 30, 27, 28, 26, 23, 23, 16, 17, 14, 17, 17, 13, 14, 8, 6
Forage: 12, 29, 42, 36, 29, 30, 24, 31, 27, 18, 18, 17, 16
Forage: 18, 27, 39, 25, 34, 28, 28, 33, 24, 24, 19, 17, 21
Forage: 12, 22, 34, 27, 23, 26, 30, 25, 25, 13, 13, 14, 22, 19, 19
Forage: 14, 22, 26, 34, 28, 36, 31, 23, 25, 18, 19, 14, 18, 16, 10
Forage: 13, 29, 27, 32, 26, 23, 23, 28, 29, 29, 21, 17, 16, 8, 9
Forage: 16, 31, 33, 35, 34, 28, 26, 27, 23, 23, 25, 21
Forage: 13, 25, 35, 30, 27, 31, 31, 25, 16, 21, 19, 18, 19, 19
Forage: 19, 31, 27, 43, 30, 39, 21, 32, 15, 24, 17, 21, 18
Forage: 18, 26, 32, 34, 37, 26, 23, 13, 18, 8, 14, 14, 12, 15, 16, 17
Forage: 17, 26, 35, 26, 30, 37, 34, 23, 17, 16, 25, 19, 12, 7, 11
Forage: 14, 20, 32, 28, 31, 23, 23, 17, 22, 30, 31, 28, 25, 13
Forage: 16, 26, 33, 29, 27, 32, 21, 29, 28, 24, 23, 18, 23
Forage: 26, 40, 32, 28, 36, 31, 28, 35, 29, 25, 14
Forage: 11, 29, 34, 19, 33, 30, 26, 30, 18, 17, 18, 16, 15, 17, 9, 9
Forage: 13, 26, 30, 33, 30, 22, 24, 22, 22, 19, 19, 20, 12, 14, 14, 7, 7
Forage: 16, 33, 36, 38, 30, 26, 21, 11, 22, 15, 14, 20, 13, 14, 9, 4, 7, 7
Forage: 14, 20, 39, 32, 31, 32, 28, 24, 20, 17, 11, 20, 13, 13, 16
Forage: 12, 28, 37, 32, 29, 29, 22, 24, 24, 25, 19, 14, 14, 13, 12
Forage: 10, 26, 28, 34, 31, 21, 19, 24, 21, 22, 21, 23, 19, 13, 12, 9
Forage: 13, 35, 32, 33, 30, 19, 21, 26, 22, 22, 37, 24, 22
Forage: 20, 30, 29, 35, 35, 26, 17, 22, 17, 17, 15, 17, 13, 14, 16, 14
Forage: 26, 32, 34, 37, 30, 32, 21, 25, 17, 24, 15, 18, 15
Forage: 16, 30, 40, 33, 30, 29, 22, 19, 23, 22, 23, 20, 13, 10
Forage: 19, 35, 28, 27, 24, 28, 29, 21, 22, 11, 12, 14, 12, 19, 18, 14
Forage: 20, 29, 37, 37, 31, 29, 27, 23, 17, 19, 21, 17, 17
Forage: 22, 27, 32, 32, 35, 33, 25, 20, 22, 14, 16, 10, 13, 12, 12, 8
Forage: 23, 32, 33, 37, 33, 27, 23, 22, 18, 20, 18, 18, 21
Forage: 20, 26, 37, 35, 35, 27, 27, 22, 25, 20, 25, 16, 15
Forage: 11, 18, 21, 24, 29, 32, 28, 21, 21, 24, 26, 24, 18, 16, 13
Forage: 25, 33, 32, 32, 35, 27, 33, 26, 27, 18, 20, 19, 9
Forage: 15, 25, 39, 30, 28, 31, 20, 20, 22, 18, 17, 17, 17, 12, 17
Forage: 18, 30, 40, 36, 34, 19, 31, 29, 24, 16, 15, 11, 11, 12
Forage: 13, 23, 29, 34, 25, 33, 27, 24, 23, 18, 15, 13, 15, 19, 11, 6, 7
Forage: 16, 31, 34, 27, 27, 27, 32, 20, 21, 21, 15, 12, 20, 14, 15
Forage: 15, 33, 34, 34, 37, 39, 29, 31, 22, 25, 13, 10, 13
Forage: 13, 24, 34, 35, 37, 26, 19, 20, 21, 16, 13, 16, 13, 13, 11, 9, 11
Forage: 15, 35, 32, 35, 31, 32, 29, 26, 19, 13, 19, 13, 14, 17
Forage: 16, 29, 35, 31, 28, 27, 28, 38, 31, 25, 15, 11, 18
Forage: 16, 25, 35, 32, 27, 34, 33, 28, 22, 27, 21, 10, 12
Forage: 17, 29, 35, 27, 43, 23, 27, 25, 18, 23, 20, 16, 15, 13
Forage: 15, 38, 34, 34, 28, 30, 27, 26, 20, 9, 14, 15, 16, 13, 6, 5
Forage: 16, 37, 23, 38, 27, 29, 37, 22, 22, 16, 18, 13, 10, 12, 14
Forage: 17, 30, 30, 28, 24, 20, 19, 13, 15, 24, 20, 24, 17, 14, 20, 16
Forage: 14, 26, 39, 31, 36, 33, 22, 30, 26, 26, 23, 17, 14
Forage: 19, 25, 29, 30, 27, 34, 31, 35, 28, 22, 14, 20, 14, 9
Forage: 18, 36, 41, 37, 29, 24, 26, 27, 15, 29, 28, 23
Forage: 17, 34, 27, 32, 28, 32, 25, 27, 22, 19, 20, 18, 23
Forage: 15, 23, 31, 34, 30, 27, 34, 24, 23, 11, 21, 18, 13, 12, 12, 7
Forage: 12, 27, 34, 28, 33, 37, 26, 23, 20, 23, 21, 18, 20
Forage: 25, 28, 32, 32, 38, 32, 25, 23, 24, 19, 15, 17, 9, 14
Forage: 18, 32, 33, 29, 26, 20, 22, 14, 13, 22, 18, 15, 20, 21, 15, 10
Forage: 16, 31, 41, 36, 42, 29, 35, 28, 26, 20, 18
Forage: 14, 27, 38, 27, 34, 36, 36, 37, 25, 21, 14, 15
Forage: 18, 36, 36, 30, 27, 29, 18, 25, 24, 20, 16, 12, 9, 11, 17
Forage: 16, 37, 26, 31, 33, 31, 20, 31, 26, 23, 21, 19, 9, 8
Forage: 20, 30, 37, 30, 30, 22, 31, 32, 32, 21, 23, 22
Forage: 16, 33, 37, 39, 34, 28, 29, 23, 21, 21, 25, 18
Forage: 16, 24, 35, 30, 32, 33, 30, 27, 25, 27, 21, 19, 17
Forage: 11, 25, 26, 26, 34, 26, 22, 16, 19, 17, 18, 14, 15, 17, 16, 16, 13
Forage: 16, 20, 23, 19, 26, 24, 23, 23, 22, 12, 22, 29, 25, 17, 19, 15
Forage: 21, 38, 35, 31, 33, 31, 23, 22, 18, 18, 17, 16, 15, 15
Forage: 13, 39, 29, 30, 28, 26, 25, 22, 22, 25, 25, 14, 18, 9, 4, 3, 1, 2, 2
Forage: 18, 31, 32, 32, 23, 32, 24, 22, 23, 22, 14, 15, 14, 10, 14, 6
Forage: 20, 30, 37, 43, 30, 37, 33, 27, 19, 25, 20
Forage: 21, 31, 21, 26, 28, 22, 19, 16, 21, 17, 18, 23, 21, 15, 12, 15
Forage: 15, 24, 23, 28, 38, 36, 27, 24, 26, 15, 24, 21, 16, 12
Forage: 13, 29, 28, 31, 30, 24, 27, 16, 14, 15, 14, 14, 21, 18, 18, 19
