Forage: 12, 21, 25, 24, 27, 33, 33, 26, 25, 21, 18, 23, 19, 16, 13
Forage: 15, 24, 28, 33, 30, 34, 27, 31, 19, 29, 24, 22, 20
Forage: 13, 24, 29, 29, 34, 26, 24, 21, 18, 11, 20, 16, 16, 11, 12, 15, 17
Forage: 10, 20, 20, 20, 23, 23, 29, 22, 27, 21, 17, 12, 12, 15, 13, 13, 12, 13, 15
Forage: 15, 27, 24, 25, 31, 30, 28, 21, 22, 24, 25, 21, 17, 19
Forage: 15, 29, 31, 25, 29, 33, 26, 26, 29, 19, 20, 18, 15, 14
Forage: 15, 27, 32, 28, 29, 21, 24, 25, 20, 17, 21, 22, 19, 15, 16
Forage: 16, 22, 28, 29, 34, 25, 30, 25, 15, 15, 16, 20, 17, 11, 15, 13
Forage: 9, 24, 25, 26, 33, 33, 34, 35, 32, 32, 25, 25
Forage: 10, 21, 20, 23, 27, 20, 19, 28, 21, 24, 27, 28, 26, 20, 19
Forage: 11, 17, 23, 30, 28, 28, 27, 33, 25, 25, 29, 22, 21, 13
Forage: 10, 21, 26, 37, 36, 33, 31, 27, 24, 23, 22, 24, 22
Forage: 13, 21, 28, 27, 31, 29, 22, 31, 26, 32, 26, 30, 18
Forage: 12, 22, 25, 36, 35, 39, 30, 30, 24, 31, 20, 16, 15
Forage: 15, 31, 32, 32, 33, 32, 25, 25, 22, 24, 20, 17, 13
Forage: 10, 17, 20, 28, 27, 32, 30, 32, 29, 26, 25, 16, 14, 11, 7, 7
Forage: 11, 18, 23, 25, 21, 19, 24, 27, 29, 31, 27, 23, 24, 22
Forage: 9, 19, 20, 23, 26, 29, 25, 23, 29, 27, 21, 20, 22, 20, 16
Forage: 9, 27, 25, 22, 24, 22, 26, 24, 20, 20, 22, 23, 24, 20, 15
Forage: 15, 20, 18, 26, 28, 31, 29, 22, 26, 21, 18, 19, 21, 18, 14, 6
Forage: 14, 22, 31, 28, 28, 31, 28, 28, 22, 21, 20, 24, 20, 17
Forage: 16, 27, 37, 26, 20, 27, 23, 24, 23, 21, 18, 18, 14, 11, 10, 12
Forage: 9, 21, 28, 31, 23, 25, 26, 26, 24, 20, 20, 16, 26, 25
Forage: 14, 22, 30, 22, 28, 29, 23, 26, 23, 25, 25, 18, 18, 11, 14
Forage: 11, 24, 18, 20, 25, 23, 28, 28, 25, 21, 21, 21, 11, 19, 16, 16, 10
Forage: 14, 21, 29, 22, 22, 26, 35, 31, 19, 19, 12, 21, 17, 16, 16, 7
Forage: 18, 18, 25, 29, 23, 27, 21, 19, 19, 14, 17, 19, 17, 18, 16, 16, 11, 9
Forage: 10, 15, 27, 31, 28, 28, 30, 31, 19, 21, 21, 22, 18, 16, 16
Forage: 16, 24, 24, 22, 24, 29, 24, 21, 19, 26, 26, 17, 19, 20, 19
Forage: 7, 24, 30, 25, 31, 26, 27, 30, 19, 25, 23, 14, 13, 14, 14
Forage: 21, 20, 21, 24, 26, 28, 33, 32, 30, 34, 18, 25, 12
Forage: 9, 17, 29, 32, 24, 32, 25, 23, 23, 25, 24, 20, 18, 15, 12
Forage: 16, 23, 29, 25, 33, 37, 27, 23, 22, 19, 23, 9, 20, 17
Forage: 9, 20, 22, 30, 32, 39, 29, 20, 25, 25, 17, 23, 21, 15
Forage: 13, 20, 22, 22, 29, 32, 31, 31, 27, 24, 25, 14, 20, 16
Forage: 13, 19, 24, 22, 33, 24, 24, 27, 31, 27, 25, 18, 23, 17
Forage: 19, 25, 27, 29, 30, 18, 17, 15, 17, 21, 20, 15, 12, 13, 14, 13, 11, 12
Forage: 11, 24, 26, 25, 29, 34, 28, 26, 30, 28, 17, 19, 11, 12, 9
Forage: 12, 22, 30, 25, 24, 33, 30, 27, 27, 28, 24, 20, 18, 15
Forage: 14, 17, 27, 25, 37, 39, 32, 24, 27, 24, 23, 21, 21
Forage: 16, 25, 26, 31, 35, 36, 31, 31, 25, 23, 23, 26
Forage: 14, 17, 26, 27, 29, 23, 19, 24, 23, 24, 29, 24, 18, 19
Forage: 15, 34, 35, 34, 36, 39, 37, 37, 28, 23, 11
Forage: 18, 26, 32, 28, 25, 25, 23, 29, 26, 25, 24, 19, 13, 12
Forage: 7, 23, 25, 25, 26, 28, 26, 28, 25, 20, 18, 20, 14, 13, 12, 12, 14
Forage: 17, 21, 29, 27, 29, 40, 32, 29, 21, 22, 22, 20, 15
Forage: 14, 19, 18, 23, 25, 34, 29, 24, 22, 30, 23, 25, 24, 14, 12
Forage: 15, 29, 31, 35, 26, 28, 27, 24, 20, 23, 21, 20, 17, 16
Forage: 15, 21, 16, 25, 27, 30, 28, 27, 29, 22, 15, 19, 19, 20, 19
Forage: 8, 21, 29, 26, 31, 25, 28, 24, 30, 24, 16, 19, 17, 14, 18
Forage: 15, 24, 33, 31, 38, 35, 35, 29, 34, 24, 16, 21
Forage: 15, 20, 27, 25, 27, 32, 32, 29, 25, 17, 16, 14, 11, 19, 22
Forage: 14, 21, 27, 24, 19, 23, 31, 30, 22, 20, 19, 17, 14, 23, 17, 14
Forage: 20, 32, 37, 39, 30, 26, 20, 32, 28, 23, 20, 18
Forage: 10, 21, 29, 27, 28, 27, 28, 29, 28, 26, 24, 27, 18
Forage: 18, 26, 24, 22, 21, 29, 26, 37, 34, 24, 30, 25, 17
Forage: 19, 32, 29, 37, 29, 26, 22, 26, 22, 20, 16, 14, 15, 21
Forage: 10, 27, 32, 22, 35, 30, 23, 26, 22, 23, 20, 21, 15, 18, 13
Forage: 12, 21, 26, 27, 23, 26, 27, 26, 22, 18, 10, 14, 19, 15, 17, 18, 16
Forage: 10, 22, 24, 23, 27, 23, 24, 29, 26, 27, 25, 24, 15, 13, 11, 12
Forage: 17, 26, 27, 25, 32, 27, 31, 31, 27, 25, 21, 22, 16
Forage: 13, 18, 25, 29, 24, 28, 27, 28, 25, 22, 22, 17, 16, 13, 11, 8, 9
Forage: 17, 24, 29, 31, 27, 25, 27, 21, 24, 21, 22, 18, 20, 12, 17
Forage: 17, 29, 28, 28, 27, 32, 27, 21, 28, 26, 22, 24, 12, 9
Forage: 15, 22, 27, 29, 27, 26, 25, 23, 24, 26, 22, 17, 21, 14, 15
Forage: 13, 20, 28, 27, 27, 45, 32, 36, 31, 28, 19, 22
Forage: 17, 24, 29, 28, 24, 26, 29, 27, 24, 27, 20, 15, 10, 13, 10, 12
Forage: 9, 20, 26, 26, 35, 29, 33, 28, 28, 29, 23, 22, 17
Forage: 13, 31, 32, 29, 31, 29, 25, 25, 19, 19, 19, 23, 20, 15
Forage: 8, 17, 23, 30, 27, 30, 26, 24, 23, 24, 15, 16, 14, 18, 16, 15
Forage: 11, 18, 23, 27, 25, 27, 31, 31, 26, 23, 20, 21, 15, 17, 12
Forage: 14, 24, 22, 20, 24, 32, 19, 23, 22, 24, 22, 18, 23, 18, 16, 16
Forage: 11, 21, 27, 23, 37, 33, 27, 26, 28, 22, 24, 23, 20, 15
Forage: 11, 29, 33, 30, 28, 25, 23, 21, 26, 22, 17, 15, 13, 11, 18, 14
Forage: 12, 19, 35, 29, 25, 29, 34, 24, 26, 30, 22, 18, 17, 12
Forage: 12, 22, 33, 30, 27, 33, 26, 28, 29, 18, 28, 19, 18
Forage: 11, 24, 30, 28, 28, 24, 24, 24, 27, 24, 20, 15, 18, 17, 20
Forage: 15, 30, 26, 26, 28, 28, 28, 28, 20, 25, 24, 20, 26
Forage: 13, 23, 27, 27, 30, 33, 31, 30, 24, 23, 23, 19, 19, 13
Forage: 8, 22, 21, 30, 29, 23, 21, 23, 30, 26, 22, 21, 30, 17
Forage: 13, 22, 26, 29, 32, 34, 34, 29, 26, 23, 21, 14, 14, 18
Forage: 16, 23, 22, 22, 21, 25, 33, 27, 23, 29, 21, 19, 17, 19, 12
Forage: 6, 18, 23, 26, 15, 21, 31, 27, 34, 25, 22, 21, 19, 16, 20, 13
Forage: 8, 19, 29, 30, 35, 35, 32, 33, 25, 22, 25, 21, 17
Forage: 10, 22, 21, 26, 29, 25, 25, 27, 24, 26, 16, 11, 17, 11, 18, 17
Forage: 11, 19, 23, 21, 26, 28, 21, 32, 27, 29, 21, 26, 21, 17, 12
Forage: 16, 22, 25, 29, 27, 30, 29, 24, 23, 26, 15, 23, 23, 17
Forage: 16, 21, 29, 28, 28, 27, 34, 25, 25, 28, 24, 17, 14, 12, 8
Forage: 12, 19, 30, 28, 26, 25, 30, 25, 26, 32, 23, 26, 21, 14
Forage: 15, 32, 28, 31, 30, 25, 27, 23, 19, 26, 22, 16, 14, 14, 12
Forage: 16, 24, 31, 33, 25, 27, 25, 27, 29, 26, 26, 17, 18
Forage: 12, 24, 25, 24, 29, 29, 32, 29, 27, 19, 23, 24, 26
Forage: 16, 25, 21, 23, 22, 26, 26, 24, 23, 25, 26, 16, 27, 21, 13
Forage: 16, 18, 25, 30, 30, 26, 22, 26, 26, 20, 23, 16, 16, 8, 13, 20
Forage: 20, 25, 29, 31, 30, 23, 24, 30, 26, 25, 23, 20, 17
Forage: 11, 19, 20, 27, 24, 25, 29, 23, 19, 22, 23, 29, 17, 24, 23
Forage: 17, 27, 31, 25, 27, 33, 28, 23, 23, 28, 21, 18, 14, 10, 8
Forage: 15, 20, 27, 27, 25, 16, 27, 25, 26, 29, 25, 16, 11, 17, 14, 14
Forage: 22, 30, 19, 25, 24, 22, 32, 26, 31, 24, 18, 19, 18, 13, 8
Forage: 11, 22, 29, 29, 32, 28, 24, 22, 15, 23, 15, 18, 13, 14, 13, 13, 13
