Forage: 20, 21, 23, 26, 22, 23, 22, 17, 21, 17, 14, 16, 14, 16, 12, 11, 14, 17, 10
Forage: 10, 13, 16, 19, 22, 27, 17, 18, 23, 21, 20, 15, 14, 15, 12, 12, 12, 12, 14, 12
Forage: 8, 21, 20, 19, 24, 20, 22, 17, 19, 16, 14, 15, 14, 10, 10, 10, 9, 15, 13, 16, 10, 10
Forage: 11, 21, 25, 25, 22, 21, 22, 22, 19, 18, 19, 19, 10, 13, 16, 17, 13, 12, 11
Forage: 13, 22, 25, 18, 19, 22, 22, 25, 26, 25, 18, 25, 15, 15, 18, 13, 11
Forage: 15, 22, 26, 22, 28, 26, 18, 21, 27, 23, 19, 14, 16, 17, 12, 12, 11, 8
Forage: 12, 21, 19, 20, 19, 20, 22, 23, 20, 17, 13, 13, 11, 8, 11, 9, 15, 15, 12, 15, 9
Forage: 6, 11, 16, 23, 19, 22, 25, 16, 23, 23, 24, 23, 23, 20, 18, 12, 12, 16
Forage: 16, 23, 24, 22, 19, 24, 23, 21, 25, 22, 24, 23, 21, 14, 9, 11, 11
Forage: 14, 26, 27, 26, 24, 19, 24, 20, 18, 23, 21, 19, 18, 16, 12, 5, 6, 10, 8
Forage: 8, 11, 16, 24, 19, 18, 22, 21, 21, 20, 23, 18, 18, 15, 20, 14, 14, 10, 10, 9
Forage: 16, 25, 25, 27, 31, 34, 28, 20, 23, 20, 18, 22, 16, 15, 11
Forage: 10, 19, 18, 22, 23, 22, 21, 17, 15, 13, 20, 19, 19, 19, 18, 15, 12, 9, 11, 7
Forage: 14, 23, 24, 23, 21, 21, 17, 17, 20, 19, 15, 12, 15, 18, 15, 20, 16, 9, 10
Forage: 9, 23, 25, 18, 17, 21, 25, 23, 23, 23, 20, 18, 18, 12, 8, 10, 15, 12, 7, 7
Forage: 5, 14, 16, 22, 20, 20, 25, 23, 21, 19, 18, 19, 8, 13, 14, 17, 13, 11, 14, 11, 11
Forage: 9, 13, 17, 23, 21, 20, 19, 20, 17, 18, 19, 17, 18, 19, 21, 18, 15, 14, 14
Forage: 8, 18, 20, 18, 16, 19, 21, 19, 17, 20, 23, 19, 24, 21, 20, 15, 12, 9, 10, 7
Forage: 10, 16, 16, 19, 27, 17, 23, 17, 18, 22, 21, 23, 21, 16, 13, 13, 11, 14, 9, 11
Forage: 16, 20, 26, 24, 25, 25, 19, 25, 25, 20, 21, 16, 12, 11, 11, 15, 12, 13
Forage: 14, 19, 21, 27, 25, 24, 27, 29, 27, 23, 18, 10, 8, 13, 12, 11, 9, 10
Forage: 4, 16, 20, 20, 25, 28, 21, 24, 23, 22, 26, 21, 16, 13, 14, 14, 13, 14
Forage: 17, 20, 24, 23, 20, 23, 20, 20, 19, 24, 21, 19, 11, 18, 16, 12, 8, 13
Forage: 10, 15, 21, 23, 20, 21, 20, 29, 18, 18, 18, 18, 14, 16, 16, 12, 17, 12, 14, 5
Forage: 13, 15, 14, 24, 18, 22, 18, 25, 25, 18, 18, 21, 14, 22, 19, 18, 11, 14
Forage: 11, 18, 16, 27, 26, 22, 22, 23, 25, 19, 21, 18, 16, 23, 17, 7, 8, 14
Forage: 8, 15, 24, 24, 26, 25, 25, 22, 21, 21, 21, 13, 15, 10, 10, 9, 10, 13, 11, 9
Forage: 11, 15, 15, 21, 21, 18, 19, 18, 20, 20, 24, 18, 21, 18, 18, 14, 11, 8, 8, 12
Forage: 13, 23, 20, 20, 23, 21, 28, 26, 25, 25, 18, 21, 21, 20, 11, 12
Forage: 15, 24, 29, 22, 24, 22, 17, 18, 23, 18, 23, 17, 22, 16, 17, 13, 14
Forage: 10, 19, 22, 22, 19, 16, 25, 16, 19, 19, 16, 16, 14, 16, 14, 12, 14, 12, 11, 9, 10
Forage: 10, 18, 16, 26, 23, 25, 24, 27, 26, 20, 19, 16, 19, 24, 16, 13
Forage: 9, 20, 24, 24, 19, 26, 20, 18, 20, 20, 21, 15, 16, 16, 10, 15, 11, 11, 8, 8, 6
Forage: 9, 11, 17, 18, 18, 23, 19, 18, 13, 17, 18, 18, 15, 12, 18, 9, 10, 14, 15, 15, 9, 6, 9
Forage: 10, 21, 24, 26, 26, 22, 23, 17, 23, 12, 21, 16, 15, 10, 14, 11, 11, 9, 9, 7
Forage: 7, 9, 18, 28, 28, 24, 25, 23, 22, 19, 19, 19, 18, 14, 16, 17, 13, 13
Forage: 10, 15, 17, 22, 19, 22, 18, 22, 21, 21, 24, 16, 14, 19, 16, 8, 9, 12, 10, 15, 7
Forage: 8, 20, 20, 24, 22, 22, 21, 22, 23, 24, 20, 21, 17, 17, 13, 13, 8, 14, 8
Forage: 11, 14, 20, 23, 22, 22, 25, 26, 20, 19, 16, 10, 11, 13, 10, 9, 13, 14, 11, 10, 10
Forage: 12, 18, 17, 20, 21, 19, 19, 18, 13, 19, 25, 20, 20, 20, 17, 17, 9, 15, 11
Forage: 6, 15, 19, 19, 18, 21, 20, 17, 13, 18, 18, 16, 16, 16, 15, 10, 16, 14, 12, 12, 13, 8
Forage: 10, 19, 24, 25, 27, 29, 26, 27, 24, 26, 27, 14, 14, 10, 8, 9, 6, 11
Forage: 12, 23, 28, 24, 24, 22, 21, 21, 18, 16, 14, 18, 16, 16, 12, 15, 13, 11, 7, 4
Forage: 7, 14, 14, 18, 15, 15, 17, 18, 16, 16, 17, 14, 17, 15, 12, 13, 16, 22, 17, 17, 12, 15
Forage: 17, 23, 22, 23, 24, 20, 21, 18, 16, 20, 20, 21, 19, 24, 18, 16
Forage: 13, 20, 21, 20, 21, 26, 25, 22, 23, 23, 21, 19, 20, 23, 14, 14, 12
Forage: 9, 14, 15, 18, 22, 20, 23, 23, 22, 18, 16, 13, 18, 18, 16, 17, 18, 17, 14
Forage: 8, 15, 23, 19, 20, 20, 16, 14, 16, 13, 17, 15, 21, 14, 20, 18, 20, 16, 9, 15
Forage: 11, 16, 14, 17, 17, 19, 14, 20, 17, 21, 19, 21, 22, 19, 12, 17, 14, 12, 8, 8, 8, 6
Forage: 17, 22, 20, 16, 21, 21, 22, 16, 16, 17, 17, 16, 19, 22, 16, 18, 13, 9, 9, 10
Forage: 13, 25, 20, 27, 24, 19, 26, 22, 24, 19, 23, 22, 15, 19, 10, 17
Forage: 16, 20, 18, 23, 23, 27, 24, 22, 20, 21, 17, 15, 20, 17, 20, 15, 12
Forage: 13, 22, 28, 20, 20, 25, 16, 26, 22, 22, 16, 12, 20, 15, 18, 14, 14, 14
Forage: 12, 13, 18, 25, 23, 24, 30, 21, 27, 23, 20, 20, 9, 12, 13, 15, 19, 13
Forage: 5, 15, 16, 28, 20, 19, 20, 20, 19, 20, 18, 20, 15, 14, 18, 12, 11, 8, 16, 14
Forage: 14, 16, 23, 21, 20, 19, 23, 22, 21, 23, 21, 17, 15, 11, 10, 14, 12, 15, 11, 9
Forage: 5, 14, 18, 19, 22, 26, 21, 19, 17, 20, 15, 16, 23, 17, 18, 25, 16, 10, 15
Forage: 12, 21, 21, 21, 17, 18, 21, 22, 21, 19, 19, 16, 11, 17, 14, 15, 18, 17, 15
Forage: 14, 19, 21, 22, 26, 25, 29, 25, 24, 18, 14, 20, 12, 9, 8, 9, 8, 13, 13
Forage: 9, 16, 15, 24, 22, 24, 22, 21, 22, 22, 19, 23, 18, 17, 17, 17, 20
Forage: 8, 12, 18, 15, 16, 18, 21, 22, 23, 21, 19, 21, 15, 11, 14, 13, 14, 11, 12, 8, 9, 4, 9
Forage: 12, 21, 25, 26, 20, 18, 20, 25, 27, 25, 29, 28, 22, 19, 13
Forage: 14, 15, 21, 22, 26, 26, 25, 19, 19, 17, 13, 17, 16, 15, 15, 18, 16, 15
Forage: 11, 15, 23, 23, 23, 20, 25, 17, 20, 23, 21, 20, 17, 13, 15, 12, 14, 14, 10
Forage: 10, 17, 14, 21, 17, 21, 23, 20, 24, 21, 17, 21, 19, 18, 17, 21, 13, 10, 9
Forage: 10, 18, 21, 16, 18, 15, 24, 18, 19, 14, 15, 20, 23, 19, 16, 14, 13, 11, 11, 12
Forage: 13, 21, 20, 25, 21, 24, 21, 19, 21, 25, 21, 19, 22, 19, 20, 13, 8
Forage: 10, 21, 25, 23, 18, 24, 23, 22, 14, 15, 13, 20, 19, 13, 20, 17, 19, 17
Forage: 18, 22, 19, 22, 19, 26, 20, 20, 23, 25, 23, 24, 23, 20, 20
Forage: 22, 27, 26, 25, 27, 24, 18, 18, 24, 19, 21, 19, 18, 17, 14
Forage: 11, 19, 24, 21, 17, 20, 16, 23, 22, 23, 20, 20, 20, 19, 13, 20, 16, 12
Forage: 11, 25, 17, 28, 28, 24, 22, 21, 24, 21, 18, 20, 17, 14, 13, 15, 9, 10
Forage: 9, 23, 24, 25, 20, 20, 22, 23, 23, 17, 17, 21, 15, 17, 13, 17, 12, 13
Forage: 10, 19, 18, 23, 22, 23, 20, 17, 18, 19, 17, 16, 21, 18, 19, 16, 16, 17
Forage: 6, 8, 12, 18, 16, 17, 22, 19, 15, 15, 23, 20, 15, 21, 20, 18, 14, 17, 17, 12
Forage: 7, 19, 14, 22, 21, 22, 20, 22, 20, 23, 24, 22, 18, 20, 16, 18, 16, 13
Forage: 17, 23, 25, 22, 21, 20, 20, 17, 21, 16, 13, 13, 9, 8, 8, 9, 10, 5, 12, 7, 8, 8, 9, 9
Forage: 3, 18, 20, 23, 24, 24, 23, 29, 22, 17, 19, 16, 18, 15, 16, 14, 16, 14
Forage: 14, 11, 17, 21, 24, 16, 20, 18, 16, 18, 19, 15, 19, 17, 16, 17, 16, 12, 11, 11, 6
Forage: 11, 17, 12, 15, 11, 14, 21, 20, 19, 22, 23, 24, 21, 15, 18, 14, 16, 12, 9, 15
Forage: 13, 19, 22, 28, 27, 24, 20, 23, 19, 24, 18, 18, 17, 18, 11, 11, 13, 11
Forage: 11, 15, 17, 20, 20, 23, 21, 19, 20, 21, 22, 19, 19, 20, 16, 14, 11, 7, 12
Forage: 8, 13, 21, 21, 18, 23, 20, 18, 20, 16, 20, 23, 24, 23, 14, 19, 13, 6, 10
Forage: 13, 20, 27, 22, 24, 22, 21, 21, 25, 24, 23, 16, 23, 14, 14, 12, 14
Forage: 11, 20, 21, 20, 21, 22, 27, 23, 26, 23, 24, 21, 14, 12, 19, 14, 12, 6
Forage: 13, 23, 25, 26, 25, 25, 26, 22, 26, 20, 21, 13, 18, 11, 8, 14, 13
Forage: 11, 18, 20, 19, 24, 22, 26, 21, 22, 18, 23, 23, 22, 21, 16, 13, 17
Forage: 8, 17, 17, 22, 19, 20, 18, 22, 17, 13, 19, 15, 12, 10, 12, 15, 15, 17, 16, 16, 12
Forage: 18, 24, 21, 22, 18, 23, 19, 23, 21, 18, 19, 15, 19, 12, 14, 13, 15, 13
Forage: 11, 21, 24, 26, 25, 19, 21, 22, 20, 23, 19, 14, 13, 18, 17, 16, 10, 10, 6
Forage: 9, 15, 24, 19, 21, 26, 18, 21, 24, 15, 17, 14, 18, 18, 16, 14, 16, 11, 12, 9
Forage: 9, 21, 17, 22, 22, 18, 20, 19, 18, 20, 21, 20, 21, 19, 15, 12, 12, 16, 10
Forage: 18, 22, 24, 22, 27, 24, 22, 26, 24, 26, 19, 21, 17, 15, 12, 14
Forage: 4, 19, 23, 23, 21, 26, 25, 23, 24, 19, 19, 24, 20, 19, 20, 15
Forage: 6, 18, 19, 21, 27, 22, 18, 19, 22, 23, 22, 18, 20, 21, 11, 11, 12, 10, 6
Forage: 9, 22, 22, 20, 23, 26, 24, 22, 22, 22, 19, 20, 19, 13, 13, 10, 11, 8, 9
Forage: 7, 16, 20, 17, 17, 19, 17, 14, 17, 22, 20, 19, 19, 19, 10, 13, 13, 18, 13, 10, 10
Forage: 14, 20, 24, 21, 20, 19, 23, 22, 19, 17, 21, 15, 18, 12, 11, 16, 8, 14, 12, 10
Forage: 18, 23, 24, 22, 22, 19, 20, 17, 14, 20, 14, 23, 22, 20, 15, 16, 16, 12
Forage: 7, 10, 19, 21, 20, 23, 20, 26, 25, 25, 21, 16, 13, 9, 7, 15, 12, 10, 12, 10, 8
