3446
3046
3979
4358
3183
3475
3490
3865
2748
3505
3216
2946
3015
3052
3215
3741
3173
3392
3618
3689
3241
3919
3368
3736
3823
3752
4093
3552
3614
3634
2913
3694
3404
3327
3324
3463
4373
3563
3268
3052
2905
3330
2755
3379
3736
3132
3384
3284
3417
3516
2804
3518
3677
2925
3167
2995
3369
3465
3960
3742
3091
3995
3457
3328
3326
2696
3702
3072
3295
3628
3532
3531
3243
3766
3311
3136
3473
3095
3103
3381
3227
3583
3670
3049
3797
3574
3438
3539
3299
3531
3230
3192
3248
3818
3214
3531
3680
3679
3633
4004
