Forage: 9, 14, 18, 18, 15, 18, 19, 14, 18, 16, 17, 12, 12, 15, 13, 14, 14, 12, 12, 11, 13, 7, 8, 9, 6
Forage: 10, 12, 16, 16, 10, 19, 16, 16, 17, 20, 12, 14, 13, 13, 10, 9, 12, 10, 11, 8, 8, 14, 10, 13, 11, 9
Forage: 14, 12, 15, 16, 16, 19, 11, 13, 14, 15, 14, 16, 11, 13, 11, 13, 13, 12, 16, 14, 10, 8, 11, 12, 11
Forage: 1, 8, 12, 11, 13, 15, 14, 14, 15, 16, 12, 17, 14, 15, 12, 12, 10, 16, 10, 17, 10, 10, 10, 12, 8, 14, 7, 10
Forage: 8, 18, 14, 13, 14, 14, 15, 18, 13, 15, 16, 11, 14, 10, 12, 13, 13, 11, 10, 13, 9, 12, 9, 9, 9, 13, 5
Forage: 9, 11, 13, 10, 20, 15, 12, 15, 17, 20, 11, 19, 15, 11, 12, 14, 13, 12, 12, 12, 8, 15, 12, 8, 10, 9
Forage: 14, 15, 13, 16, 20, 16, 20, 16, 14, 15, 18, 13, 22, 11, 13, 9, 14, 11, 15, 14, 13, 10, 12
Forage: 8, 10, 12, 19, 19, 15, 15, 20, 16, 19, 16, 20, 15, 12, 16, 16, 15, 12, 9, 9, 14, 10, 10, 10
Forage: 8, 9, 11, 15, 13, 16, 12, 15, 13, 18, 15, 10, 18, 9, 15, 13, 16, 11, 17, 9, 12, 12, 8, 9, 10, 5, 8, 4
Forage: 7, 11, 15, 16, 13, 16, 13, 17, 13, 16, 16, 21, 19, 13, 15, 12, 15, 10, 10, 11, 13, 9, 7, 9, 7, 8, 4
Forage: 5, 13, 13, 15, 15, 15, 15, 15, 14, 15, 13, 14, 14, 14, 17, 9, 14, 14, 14, 13, 13, 11, 11, 14, 13
Forage: 11, 11, 15, 16, 21, 11, 14, 17, 15, 9, 20, 14, 19, 19, 13, 17, 15, 16, 13, 11, 10, 12, 7, 7
Forage: 10, 12, 16, 15, 18, 17, 17, 17, 15, 14, 17, 17, 10, 18, 16, 11, 16, 3, 12, 8, 9, 11, 5, 11, 9, 7
Forage: 7, 11, 17, 10, 14, 16, 20, 16, 15, 15, 13, 9, 14, 12, 14, 15, 13, 12, 13, 15, 9, 14, 13, 13, 13
Forage: 12, 13, 14, 11, 16, 17, 19, 15, 17, 18, 18, 19, 15, 12, 17, 15, 11, 10, 6, 6, 6, 8, 6, 11, 9, 7, 9
Forage: 5, 11, 19, 11, 18, 10, 15, 17, 18, 17, 15, 12, 16, 14, 16, 11, 16, 11, 9, 13, 8, 10, 9, 12, 9, 8, 4
Forage: 10, 11, 14, 17, 16, 13, 20, 16, 16, 21, 19, 16, 16, 19, 12, 13, 11, 12, 12, 12, 12, 14, 8
Forage: 6, 15, 22, 20, 15, 17, 17, 14, 20, 14, 16, 18, 14, 14, 8, 15, 14, 7, 17, 11, 11, 9, 10, 9
Forage: 3, 14, 17, 17, 14, 13, 18, 12, 15, 14, 19, 14, 15, 20, 15, 12, 12, 14, 13, 14, 9, 11, 11, 14
Forage: 7, 11, 15, 18, 18, 12, 19, 15, 16, 11, 20, 12, 19, 13, 13, 13, 13, 9, 13, 10, 12, 6, 13, 6, 7, 11
Forage: 13, 14, 13, 17, 18, 15, 20, 15, 20, 19, 16, 14, 17, 15, 14, 16, 14, 13, 11, 10, 9, 13, 5
Forage: 11, 15, 17, 20, 17, 21, 20, 18, 20, 21, 16, 13, 16, 9, 17, 16, 17, 13, 16, 10, 14
Forage: 11, 15, 17, 13, 19, 15, 21, 19, 11, 13, 17, 12, 9, 11, 11, 8, 9, 8, 11, 8, 12, 16, 14, 11, 13, 9
Forage: 11, 13, 18, 15, 15, 18, 18, 16, 15, 19, 17, 16, 14, 21, 19, 13, 20, 14, 16, 9, 12, 8
Forage: 6, 15, 15, 18, 16, 19, 17, 15, 13, 15, 11, 13, 16, 15, 14, 8, 16, 11, 12, 9, 8, 10, 12, 10, 8, 10
Forage: 10, 15, 18, 19, 20, 15, 15, 19, 17, 16, 15, 15, 16, 14, 14, 14, 12, 13, 14, 9, 14, 10, 9
Forage: 5, 13, 15, 15, 14, 19, 20, 16, 19, 17, 16, 16, 15, 12, 15, 12, 12, 12, 14, 9, 13, 16, 7, 14
Forage: 8, 11, 14, 11, 11, 16, 16, 17, 14, 17, 12, 16, 19, 14, 15, 13, 13, 13, 14, 14, 10, 12, 8, 7, 10, 9
Forage: 6, 11, 13, 12, 22, 13, 17, 16, 18, 8, 13, 12, 10, 14, 14, 15, 14, 12, 14, 17, 12, 13, 11, 10, 12
Forage: 8, 17, 20, 16, 15, 15, 12, 17, 16, 16, 16, 15, 15, 13, 13, 13, 16, 12, 13, 9, 9, 9, 10, 10, 8
Forage: 7, 10, 15, 14, 17, 17, 13, 18, 14, 14, 12, 18, 12, 16, 15, 10, 14, 15, 9, 11, 12, 5, 12, 6, 7, 7, 8, 7
Forage: 7, 18, 11, 18, 15, 18, 16, 14, 14, 16, 14, 15, 15, 10, 15, 16, 12, 15, 13, 13, 8, 10, 7, 10, 10
Forage: 10, 14, 18, 16, 12, 19, 17, 13, 20, 14, 15, 12, 16, 10, 13, 14, 10, 13, 13, 12, 8, 5, 11, 9, 12
Forage: 3, 13, 13, 10, 16, 13, 19, 19, 17, 12, 19, 10, 17, 13, 14, 14, 12, 11, 8, 14, 13, 14, 8, 12, 9, 9
Forage: 3, 13, 16, 15, 18, 13, 16, 17, 12, 16, 15, 16, 14, 14, 17, 12, 11, 14, 12, 12, 10, 13, 16, 7, 10
Forage: 7, 13, 13, 12, 20, 15, 21, 19, 16, 15, 12, 16, 13, 11, 8, 14, 11, 13, 15, 15, 15, 10, 16, 11
Forage: 5, 11, 12, 16, 16, 16, 14, 18, 14, 12, 12, 14, 12, 12, 15, 12, 8, 11, 11, 9, 12, 7, 11, 9, 9, 10, 9, 11, 6
Forage: 10, 15, 19, 20, 15, 18, 16, 14, 11, 18, 16, 19, 12, 18, 12, 13, 9, 10, 11, 11, 13, 13, 10, 14
Forage: 10, 15, 18, 15, 14, 18, 16, 18, 18, 15, 16, 18, 20, 12, 19, 11, 14, 15, 14, 13, 9, 8, 5, 5
Forage: 3, 11, 12, 14, 14, 15, 14, 13, 12, 16, 12, 17, 13, 15, 16, 13, 12, 18, 9, 11, 11, 11, 9, 10, 6, 7, 7, 6, 4, 6
Forage: 11, 15, 17, 19, 16, 20, 18, 15, 17, 12, 17, 16, 15, 13, 16, 13, 10, 15, 8, 11, 12, 11, 10, 7
Forage: 3, 13, 14, 16, 15, 17, 14, 18, 12, 17, 18, 17, 19, 16, 15, 11, 10, 15, 15, 11, 6, 7, 9, 10, 7, 7
Forage: 6, 11, 13, 14, 12, 19, 14, 11, 15, 17, 13, 17, 12, 14, 17, 12, 14, 12, 5, 13, 12, 13, 13, 9, 5, 11, 8
Forage: 10, 15, 12, 16, 16, 15, 17, 13, 15, 15, 13, 14, 12, 11, 15, 11, 16, 12, 14, 13, 7, 13, 5, 9, 9, 5, 9
Forage: 14, 14, 18, 19, 11, 16, 15, 17, 20, 16, 13, 18, 12, 15, 16, 16, 12, 15, 12, 15, 13, 14
Forage: 10, 12, 15, 17, 15, 17, 19, 18, 18, 15, 13, 14, 19, 15, 14, 11, 15, 13, 16, 10, 13, 9, 5, 8, 5
Forage: 11, 10, 15, 12, 16, 16, 16, 16, 17, 18, 17, 14, 17, 11, 15, 12, 10, 12, 11, 11, 11, 11, 10, 10, 7, 7
Forage: 3, 13, 17, 15, 14, 14, 18, 15, 15, 12, 15, 16, 17, 13, 18, 15, 10, 15, 13, 13, 13, 14, 11, 12
Forage: 9, 13, 17, 15, 15, 15, 14, 14, 13, 18, 16, 14, 14, 15, 13, 18, 8, 14, 11, 13, 10, 14, 11, 12, 10
Forage: 4, 8, 11, 18, 14, 16, 15, 16, 12, 16, 16, 14, 9, 12, 10, 15, 13, 9, 14, 10, 8, 9, 16, 13, 13, 13, 11
Forage: 7, 10, 15, 18, 18, 15, 14, 12, 15, 19, 15, 14, 17, 16, 14, 16, 18, 12, 15, 10, 15, 14, 12
Forage: 7, 11, 17, 17, 13, 18, 13, 14, 14, 13, 11, 15, 16, 10, 16, 15, 14, 11, 16, 12, 17, 11, 14, 8, 10
Forage: 10, 18, 13, 17, 17, 17, 18, 17, 15, 16, 14, 19, 11, 16, 10, 15, 12, 12, 15, 15, 9, 11, 13
Forage: 4, 14, 17, 16, 14, 16, 22, 15, 13, 18, 14, 17, 15, 14, 13, 13, 14, 9, 11, 13, 13, 12, 12, 10, 7
Forage: 23, 21, 17, 17, 14, 14, 13, 15, 18, 13, 15, 10, 18, 8, 14, 6, 10, 10, 8, 16, 4, 9, 8, 10, 15
Forage: 9, 10, 14, 15, 15, 18, 16, 14, 17, 17, 13, 17, 15, 11, 15, 14, 13, 8, 14, 11, 10, 12, 11, 13, 7, 7
Forage: 5, 10, 17, 18, 14, 17, 17, 16, 17, 17, 19, 17, 14, 19, 15, 13, 9, 11, 10, 11, 11, 10, 9, 11, 7
Forage: 12, 15, 11, 21, 13, 16, 15, 13, 12, 11, 16, 15, 16, 12, 16, 15, 12, 11, 14, 16, 13, 10, 12, 13
Forage: 10, 14, 13, 20, 15, 15, 21, 15, 13, 15, 16, 13, 12, 15, 14, 7, 12, 9, 15, 13, 10, 10, 11, 12, 9
Forage: 6, 15, 15, 18, 19, 11, 19, 11, 14, 13, 12, 13, 20, 11, 14, 13, 16, 12, 13, 10, 14, 12, 11, 9, 11
Forage: 5, 14, 16, 14, 14, 17, 13, 16, 16, 13, 17, 15, 13, 14, 16, 15, 11, 9, 12, 9, 10, 16, 7, 8, 10, 8, 6
Forage: 3, 12, 15, 15, 22, 17, 13, 12, 17, 16, 14, 13, 16, 16, 14, 15, 16, 11, 13, 12, 7, 13, 7, 8, 6, 10
Forage: 8, 16, 18, 18, 20, 17, 16, 18, 18, 14, 19, 15, 18, 15, 14, 16, 14, 10, 12, 13, 10, 12
Forage: 10, 12, 18, 20, 18, 19, 13, 15, 17, 13, 14, 10, 15, 14, 12, 11, 13, 10, 9, 13, 13, 9, 9, 14, 9
Forage: 16, 17, 9, 11, 14, 15, 18, 17, 18, 16, 17, 11, 17, 10, 13, 17, 11, 15, 15, 15, 14, 14, 11, 6
Forage: 9, 17, 18, 21, 19, 14, 18, 17, 17, 13, 14, 17, 14, 15, 14, 12, 8, 15, 11, 10, 12, 9, 13, 9
Forage: 4, 16, 15, 18, 15, 18, 18, 14, 18, 14, 18, 15, 11, 15, 9, 14, 7, 16, 9, 11, 14, 12, 8, 7, 6, 6, 6
Forage: 5, 15, 13, 16, 14, 14, 18, 18, 18, 15, 17, 13, 18, 14, 13, 10, 18, 13, 13, 10, 13, 7, 8, 7, 8, 8
Forage: 8, 13, 16, 14, 17, 16, 15, 20, 11, 16, 13, 15, 11, 9, 10, 9, 15, 10, 11, 11, 11, 12, 10, 9, 8, 11, 8, 7
Forage: 10, 12, 17, 16, 14, 16, 18, 17, 13, 17, 13, 12, 18, 14, 16, 15, 14, 16, 14, 11, 9, 12, 8, 7, 5, 1, 2
Forage: 10, 17, 17, 18, 14, 19, 15, 16, 16, 14, 20, 16, 14, 15, 12, 16, 13, 17, 11, 13, 13, 9, 12
Forage: 1, 9, 15, 18, 15, 16, 17, 19, 13, 18, 17, 15, 14, 12, 14, 16, 16, 13, 13, 12, 10, 7, 9, 6, 10, 8
Forage: 6, 16, 11, 15, 10, 14, 19, 15, 15, 15, 14, 17, 13, 14, 12, 14, 12, 10, 18, 9, 14, 11, 7, 8, 10, 5, 7
Forage: 7, 12, 15, 13, 16, 7, 14, 14, 14, 12, 15, 13, 12, 12, 13, 7, 11, 8, 12, 14, 12, 13, 10, 7, 13, 11, 11, 10
Forage: 15, 13, 21, 15, 15, 17, 16, 17, 17, 18, 18, 16, 15, 16, 17, 13, 13, 13, 15, 11, 14, 9
Forage: 13, 11, 19, 13, 13, 14, 21, 17, 17, 15, 18, 15, 15, 11, 12, 8, 13, 8, 10, 6, 10, 11, 6, 10, 5, 10, 8, 6
Forage: 8, 9, 18, 14, 14, 15, 17, 14, 18, 12, 12, 14, 12, 12, 13, 13, 10, 8, 12, 7, 12, 12, 10, 11, 10, 6, 4, 8, 7, 5
Forage: 9, 13, 21, 16, 16, 20, 15, 18, 19, 21, 15, 18, 18, 18, 17, 17, 14, 14, 9, 14, 11, 4
Forage: 4, 12, 15, 20, 15, 15, 21, 16, 16, 14, 14, 14, 14, 11, 12, 10, 12, 11, 16, 13, 15, 10, 10, 11, 11
Forage: 6, 13, 10, 18, 13, 11, 16, 14, 11, 17, 11, 19, 11, 12, 11, 14, 10, 15, 14, 12, 10, 14, 17, 12, 8, 9
Forage: 8, 17, 10, 16, 16, 13, 15, 15, 14, 17, 15, 17, 17, 12, 15, 16, 12, 16, 9, 12, 9, 8, 13, 8, 10
Forage: 9, 14, 16, 14, 17, 17, 14, 14, 11, 15, 14, 14, 13, 14, 16, 12, 11, 11, 13, 10, 12, 9, 12, 12, 8, 8
Forage: 4, 14, 15, 18, 21, 14, 17, 15, 13, 13, 14, 16, 11, 17, 14, 13, 17, 10, 16, 11, 16, 10, 7, 9, 5, 5
Forage: 7, 12, 17, 14, 16, 11, 11, 13, 15, 19, 16, 16, 16, 14, 13, 17, 16, 14, 11, 13, 16, 13, 13, 13
Forage: 5, 17, 11, 16, 17, 18, 19, 18, 16, 16, 17, 21, 14, 11, 14, 10, 15, 8, 15, 10, 10, 8, 12, 8, 9
Forage: 4, 10, 14, 15, 16, 15, 15, 15, 11, 16, 17, 12, 15, 13, 17, 14, 11, 13, 9, 13, 16, 9, 10, 12, 9, 10
Forage: 9, 15, 13, 16, 15, 13, 20, 16, 14, 16, 14, 17, 14, 18, 14, 13, 11, 11, 15, 11, 15, 16, 11, 8
Forage: 8, 14, 20, 20, 19, 18, 14, 14, 16, 16, 12, 13, 12, 14, 15, 15, 14, 16, 12, 8, 12, 9, 11, 9
Forage: 6, 11, 16, 21, 16, 19, 17, 14, 14, 14, 15, 13, 13, 11, 11, 11, 14, 10, 13, 7, 13, 12, 10, 12, 13, 9
Forage: 6, 10, 17, 12, 16, 14, 14, 13, 13, 15, 15, 15, 13, 14, 17, 13, 14, 16, 11, 11, 14, 10, 13, 13, 12
Forage: 6, 14, 19, 16, 17, 12, 14, 12, 14, 13, 12, 15, 12, 14, 11, 14, 13, 7, 16, 15, 13, 10, 11, 7, 8, 6, 8, 6
Forage: 5, 16, 16, 15, 14, 12, 13, 16, 10, 17, 12, 16, 18, 11, 16, 16, 16, 11, 12, 10, 12, 12, 12, 9, 10, 10
Forage: 8, 6, 17, 13, 15, 16, 15, 16, 18, 11, 16, 16, 13, 17, 13, 12, 11, 11, 11, 12, 7, 10, 10, 12, 6, 10, 11
Forage: 7, 7, 10, 15, 12, 14, 9, 18, 13, 18, 16, 13, 16, 18, 11, 12, 10, 9, 13, 13, 10, 13, 13, 11, 11, 10, 7, 4
Forage: 5, 14, 16, 19, 17, 14, 17, 13, 19, 17, 17, 20, 16, 16, 14, 10, 8, 11, 10, 7, 9, 5, 7, 8, 8, 11
Forage: 9, 15, 16, 17, 14, 14, 20, 19, 20, 19, 13, 12, 11, 11, 13, 11, 11, 11, 8, 11, 7, 13, 8, 10, 10, 11
Forage: 12, 9, 15, 16, 15, 21, 16, 15, 15, 17, 16, 14, 14, 17, 17, 12, 17, 14, 8, 12, 8, 9, 8, 7, 13
Forage: 8, 17, 18, 10, 10, 15, 18, 14, 13, 20, 9, 18, 13, 14, 14, 11, 10, 15, 12, 14, 14, 12, 11, 4, 8, 7, 8
Forage: 10, 9, 13, 16, 19, 16, 18, 15, 16, 17, 13, 15, 15, 14, 15, 12, 17, 10, 14, 11, 8, 12, 7, 11, 8
Forage: 13, 14, 15, 18, 17, 17, 20, 22, 17, 20, 14, 18, 17, 12, 10, 11, 11, 10, 12, 10, 13, 11, 10
