Forage: 45, 24, 26, 39, 26, 30, 19, 24, 14, 11, 12, 16, 15, 13, 10, 11
Forage: 54, 25, 34, 23, 28, 23, 24, 21, 27, 21, 19, 13, 14
Forage: 67, 25, 27, 30, 28, 35, 24, 19, 17, 18, 16, 18, 13
Forage: 35, 31, 26, 26, 32, 35, 26, 20, 14, 18, 19, 17, 11, 7, 10, 9
Forage: 52, 32, 35, 37, 20, 25, 32, 23, 16, 19, 24, 15
Forage: 49, 22, 27, 34, 30, 26, 27, 23, 18, 21, 21, 13, 11, 12
Forage: 52, 21, 33, 36, 27, 30, 25, 22, 19, 12, 14, 18, 15, 11
Forage: 55, 24, 29, 28, 24, 24, 22, 17, 21, 16, 18, 17, 15, 16, 8
Forage: 21, 50, 34, 30, 30, 28, 26, 22, 22, 20, 15, 21, 18
Forage: 45, 23, 29, 29, 18, 17, 17, 15, 12, 21, 16, 12, 17, 19, 17, 16, 11
Forage: 57, 36, 32, 30, 28, 19, 23, 24, 15, 25, 18, 12, 11
Forage: 35, 31, 32, 28, 29, 32, 19, 22, 18, 19, 11, 11, 12, 12, 9, 11
Forage: 39, 28, 29, 26, 29, 28, 21, 21, 16, 16, 14, 17, 18, 13, 12
Forage: 37, 42, 30, 32, 28, 27, 24, 14, 17, 18, 16, 18, 15, 14
Forage: 54, 33, 29, 30, 26, 26, 28, 28, 21, 21, 15, 14, 10
Forage: 37, 28, 45, 25, 23, 24, 16, 10, 16, 18, 18, 17, 17, 9, 14, 15
Forage: 49, 30, 27, 34, 28, 20, 25, 20, 20, 17, 17, 11, 14, 14
Forage: 47, 25, 27, 39, 28, 21, 19, 21, 18, 12, 16, 17, 15, 13, 13
Forage: 43, 26, 29, 29, 31, 32, 26, 28, 25, 17, 16, 18, 15
Forage: 37, 21, 28, 30, 27, 24, 22, 23, 23, 18, 15, 13, 9, 14, 11, 10, 10
Forage: 51, 24, 27, 29, 31, 27, 18, 18, 18, 23, 22, 22, 17
Forage: 56, 28, 28, 27, 32, 26, 27, 23, 19, 14, 13, 17, 20
Forage: 44, 43, 30, 34, 30, 23, 32, 15, 21, 16, 11, 14, 10, 8
Forage: 59, 29, 32, 27, 20, 28, 27, 24, 19, 16, 18, 15, 13
Forage: 49, 20, 34, 33, 29, 25, 30, 19, 15, 19, 18, 17, 13, 12
Forage: 44, 25, 25, 37, 33, 18, 21, 20, 24, 14, 17, 18, 16, 16
Forage: 44, 28, 33, 27, 25, 29, 25, 27, 22, 17, 21, 17, 16
Forage: 59, 23, 33, 27, 28, 29, 27, 24, 29, 22, 16, 8, 12
Forage: 55, 22, 30, 26, 24, 27, 24, 18, 13, 17, 21, 18, 9, 13, 8
Forage: 45, 32, 32, 24, 31, 27, 30, 25, 23, 24, 27, 14
Forage: 29, 36, 26, 27, 28, 34, 21, 25, 19, 19, 13, 11, 17, 15, 13
Forage: 26, 24, 32, 31, 29, 39, 25, 22, 24, 22, 20, 18, 23
Forage: 46, 37, 28, 36, 31, 24, 20, 24, 23, 15, 17, 15, 12
Forage: 24, 33, 31, 25, 27, 28, 26, 21, 22, 14, 22, 18, 16, 10, 7, 12
Forage: 49, 27, 24, 33, 29, 20, 28, 23, 17, 23, 21, 21, 13
Forage: 36, 32, 31, 32, 26, 37, 27, 26, 21, 23, 18, 19
Forage: 40, 38, 30, 38, 34, 35, 26, 24, 20, 22, 15, 15
Forage: 36, 27, 27, 33, 30, 28, 30, 27, 25, 18, 17, 19, 9, 10
Forage: 50, 29, 24, 23, 26, 23, 21, 22, 22, 19, 20, 19, 13, 15
Forage: 56, 24, 34, 30, 32, 27, 22, 18, 25, 16, 14, 18, 11, 6
Forage: 27, 21, 25, 37, 29, 23, 24, 24, 24, 15, 19, 15, 20, 18, 14
Forage: 43, 25, 31, 27, 26, 25, 24, 20, 18, 20, 24, 17, 16, 16
Forage: 38, 27, 28, 28, 25, 22, 20, 24, 17, 19, 19, 21, 15, 17, 15
Forage: 38, 19, 22, 29, 24, 25, 25, 29, 25, 20, 22, 20, 6, 11, 13, 8
Forage: 50, 28, 29, 30, 33, 26, 25, 16, 17, 17, 16, 11, 12, 4, 8, 10
Forage: 54, 31, 37, 34, 36, 36, 35, 34, 25
Forage: 37, 25, 25, 32, 33, 28, 31, 26, 24, 20, 22, 14, 16
Forage: 44, 32, 37, 25, 23, 22, 24, 17, 16, 22, 18, 21, 18, 13
Forage: 60, 30, 36, 27, 23, 22, 26, 28, 26, 18, 19, 12
Forage: 41, 26, 28, 33, 30, 35, 27, 30, 24, 20, 20, 14
Forage: 58, 25, 27, 31, 26, 19, 26, 22, 21, 21, 25, 19, 13
Forage: 45, 29, 27, 28, 28, 28, 36, 28, 21, 15, 17, 12, 16
Forage: 40, 30, 31, 33, 31, 19, 21, 26, 15, 16, 12, 10, 12, 9, 7, 9, 7, 7
Forage: 43, 33, 21, 32, 30, 29, 19, 19, 23, 16, 18, 23, 18
Forage: 38, 27, 30, 25, 26, 19, 23, 24, 12, 14, 12, 14, 13, 15, 17, 12, 14
Forage: 47, 25, 37, 34, 23, 27, 20, 21, 14, 14, 15, 20, 15, 11, 4, 4, 6
Forage: 38, 27, 30, 33, 39, 34, 25, 21, 25, 23, 16, 16
Forage: 52, 34, 36, 35, 26, 17, 22, 22, 19, 16, 19, 12, 14, 9
Forage: 35, 39, 29, 32, 21, 29, 32, 13, 17, 16, 18, 14, 18, 14, 10
Forage: 20, 42, 33, 30, 22, 30, 33, 22, 15, 19, 22, 14, 12, 10, 10
Forage: 52, 30, 28, 29, 23, 32, 25, 30, 24, 20, 12, 15, 11
Forage: 56, 31, 28, 23, 24, 24, 26, 27, 18, 14, 21, 11, 14, 13
Forage: 63, 22, 41, 24, 34, 24, 22, 18, 20, 21, 16, 20, 10
Forage: 36, 24, 28, 30, 29, 21, 23, 13, 23, 19, 15, 16, 17, 11, 12, 7, 6
Forage: 51, 34, 30, 26, 27, 27, 16, 14, 18, 15, 12, 14, 7, 15, 7, 9, 9
Forage: 35, 43, 33, 26, 30, 27, 26, 24, 22, 12, 19, 15, 13, 10
Forage: 48, 27, 34, 29, 29, 27, 24, 25, 18, 17, 18, 12, 13, 12
Forage: 33, 46, 30, 29, 24, 27, 26, 22, 18, 17, 16, 17, 13, 16
Forage: 34, 38, 34, 28, 35, 33, 25, 24, 20, 25, 17, 14
Forage: 43, 34, 36, 35, 27, 24, 23, 32, 20, 21, 17, 9, 13
Forage: 53, 27, 28, 25, 22, 25, 25, 22, 25, 16, 23, 13, 13, 12
Forage: 54, 25, 30, 27, 30, 29, 22, 27, 26, 23, 18, 18
Forage: 33, 52, 33, 30, 31, 26, 22, 23, 28, 23, 19, 13
Forage: 46, 27, 24, 29, 25, 23, 24, 16, 18, 14, 11, 12, 13, 11, 15, 17, 10
Forage: 35, 28, 26, 36, 28, 31, 19, 25, 20, 12, 14, 19, 17, 18
Forage: 55, 32, 31, 33, 29, 23, 26, 21, 17, 21, 15, 12, 13
Forage: 27, 40, 34, 31, 25, 26, 27, 23, 13, 18, 17, 17, 15, 15
Forage: 41, 26, 31, 28, 22, 24, 19, 21, 23, 25, 23, 14, 16, 13
Forage: 62, 33, 34, 33, 28, 26, 21, 18, 13, 11, 11, 9, 9, 14, 11
Forage: 42, 43, 30, 29, 28, 33, 30, 26, 23, 21, 18, 14
Forage: 57, 31, 35, 27, 30, 30, 24, 20, 21, 18, 19, 12
Forage: 45, 37, 33, 27, 32, 30, 27, 20, 18, 25, 18, 9, 12
Forage: 34, 36, 23, 30, 26, 26, 19, 16, 14, 11, 11, 15, 12, 8, 13, 16, 13, 9
Forage: 57, 33, 29, 36, 33, 33, 34, 31, 24, 24
Forage: 38, 29, 30, 42, 22, 24, 27, 23, 20, 22, 20, 19, 10
Forage: 34, 40, 32, 33, 28, 25, 25, 19, 24, 19, 22, 18, 13
Forage: 53, 31, 27, 30, 33, 26, 12, 21, 16, 15, 19, 15, 13, 7, 9, 9
Forage: 40, 23, 30, 20, 23, 31, 22, 23, 21, 27, 24, 16, 15, 15
Forage: 36, 28, 38, 28, 31, 22, 25, 27, 14, 14, 17, 15, 19, 12
Forage: 44, 35, 36, 29, 36, 30, 27, 20, 21, 12, 13, 13, 11
Forage: 47, 27, 27, 27, 25, 24, 25, 29, 18, 19, 17, 14, 15, 15, 8
Forage: 35, 20, 22, 30, 31, 19, 17, 20, 18, 21, 21, 17, 15, 14, 13, 17
Forage: 58, 30, 39, 38, 34, 22, 27, 28, 22, 17, 13, 8
Forage: 57, 26, 24, 33, 28, 26, 29, 28, 15, 17, 17, 13, 14, 10
Forage: 31, 45, 30, 25, 30, 31, 21, 25, 20, 18, 11, 18, 14, 8
Forage: 37, 22, 28, 34, 29, 34, 31, 22, 15, 17, 11, 11, 14, 6, 10, 12
Forage: 25, 38, 31, 30, 24, 24, 24, 21, 24, 16, 19, 18, 19, 14, 10
Forage: 19, 50, 29, 35, 33, 27, 25, 23, 30, 19, 16, 15
Forage: 43, 24, 41, 31, 32, 33, 23, 24, 22, 16, 21, 19
Forage: 41, 25, 35, 29, 27, 25, 23, 23, 20, 17, 17, 13, 17, 14
