Forage: 23, 27, 16, 18, 15, 12, 19, 16, 15, 12, 14, 16, 15, 13, 11, 18, 11, 13, 17, 10, 9, 10, 6
Forage: 17, 22, 21, 19, 16, 21, 13, 18, 15, 15, 17, 17, 17, 16, 14, 7, 16, 7, 12, 11, 5, 13, 7
Forage: 18, 17, 19, 15, 20, 19, 22, 14, 22, 17, 17, 18, 11, 11, 14, 12, 13, 13, 7, 6, 11, 10
Forage: 17, 22, 18, 30, 20, 19, 19, 17, 13, 18, 17, 20, 15, 20, 13, 10, 11, 14, 11, 5
Forage: 15, 22, 16, 21, 21, 20, 18, 12, 14, 13, 11, 13, 13, 15, 14, 14, 16, 11, 11, 9, 9, 6, 9, 7
Forage: 17, 22, 23, 18, 13, 25, 21, 17, 21, 17, 15, 23, 19, 9, 6, 14, 17, 10, 12, 11
Forage: 16, 18, 23, 18, 22, 26, 17, 22, 16, 13, 16, 19, 16, 14, 19, 11, 13, 12, 10, 9, 7
Forage: 18, 22, 18, 21, 18, 18, 18, 18, 18, 19, 17, 13, 14, 6, 15, 12, 13, 9, 9, 12, 8, 8, 7, 4
Forage: 13, 25, 25, 22, 21, 17, 21, 19, 19, 17, 16, 10, 14, 11, 16, 9, 12, 11, 7, 8, 8, 5, 9
Forage: 19, 23, 25, 20, 21, 15, 22, 14, 22, 19, 15, 16, 20, 18, 14, 13, 6, 13, 9, 7, 6
Forage: 15, 21, 21, 25, 25, 21, 17, 19, 13, 17, 19, 16, 14, 12, 10, 12, 9, 9, 8, 14, 12, 6
Forage: 22, 21, 19, 18, 22, 23, 20, 21, 17, 20, 10, 14, 14, 13, 14, 13, 12, 8, 6, 8, 9, 8
Forage: 21, 15, 23, 22, 18, 19, 16, 16, 13, 15, 14, 12, 14, 17, 13, 13, 9, 11, 9, 19, 12, 11
Forage: 24, 17, 20, 22, 18, 22, 14, 8, 14, 16, 15, 12, 20, 12, 18, 16, 13, 11, 14, 9, 7, 5, 9
Forage: 17, 26, 17, 20, 20, 21, 21, 14, 14, 20, 13, 16, 14, 14, 8, 19, 10, 11, 4, 12, 10, 7, 4
Forage: 14, 15, 18, 15, 18, 15, 14, 16, 20, 20, 15, 12, 17, 14, 11, 14, 13, 19, 14, 15, 13, 13
Forage: 23, 19, 22, 22, 23, 20, 19, 19, 19, 18, 13, 16, 13, 14, 13, 6, 14, 9, 10, 11, 5, 6
Forage: 18, 28, 18, 17, 20, 21, 19, 10, 15, 15, 16, 17, 12, 9, 16, 14, 17, 13, 13, 7, 4, 5, 8
Forage: 16, 18, 27, 22, 24, 21, 19, 17, 20, 9, 14, 13, 12, 13, 12, 9, 9, 8, 13, 11, 12, 7, 10
Forage: 23, 21, 21, 19, 22, 23, 23, 13, 16, 16, 16, 18, 15, 13, 17, 14, 14, 12, 9, 9
Forage: 18, 18, 18, 17, 19, 21, 16, 22, 19, 14, 20, 16, 10, 11, 11, 17, 15, 11, 9, 5, 10, 11, 7
Forage: 18, 20, 21, 14, 16, 21, 16, 15, 18, 19, 13, 17, 19, 19, 12, 15, 11, 11, 13, 8, 7, 8
Forage: 16, 22, 20, 17, 18, 20, 18, 23, 18, 17, 14, 16, 18, 15, 15, 12, 12, 13, 9, 5, 7, 6
Forage: 18, 18, 21, 19, 20, 11, 19, 14, 15, 14, 23, 14, 14, 19, 13, 12, 7, 7, 9, 8, 8, 12, 11
Forage: 15, 25, 18, 23, 18, 22, 17, 15, 21, 14, 15, 20, 17, 13, 12, 10, 12, 12, 13, 13, 9
Forage: 24, 20, 18, 19, 20, 14, 16, 16, 19, 15, 22, 14, 16, 13, 8, 15, 12, 10, 13, 13, 11, 8
Forage: 18, 26, 25, 26, 18, 22, 19, 20, 15, 16, 15, 15, 16, 16, 11, 12, 6, 11, 9, 5, 10
Forage: 14, 21, 21, 23, 23, 22, 19, 18, 12, 18, 17, 13, 12, 16, 13, 11, 18, 6, 12, 7, 9, 5, 6
Forage: 28, 17, 17, 19, 20, 23, 15, 17, 18, 20, 16, 13, 14, 14, 18, 11, 10, 12, 7, 8, 10, 8
Forage: 18, 21, 21, 24, 21, 19, 16, 19, 19, 14, 20, 17, 17, 15, 14, 13, 11, 9, 10, 5, 6
Forage: 17, 20, 17, 18, 22, 14, 19, 18, 14, 22, 20, 10, 20, 16, 14, 16, 10, 13, 10, 10, 5, 8
Forage: 20, 20, 22, 16, 20, 18, 21, 14, 18, 17, 12, 13, 11, 15, 13, 17, 11, 9, 13, 6, 11, 10, 8
Forage: 20, 24, 28, 23, 15, 25, 23, 16, 14, 19, 9, 13, 15, 13, 13, 14, 11, 10, 13, 7, 8
Forage: 13, 28, 20, 15, 19, 16, 19, 14, 16, 13, 20, 17, 19, 14, 12, 7, 18, 5, 12, 12, 11, 6, 8
Forage: 15, 23, 27, 21, 21, 19, 22, 13, 14, 17, 23, 13, 16, 12, 21, 13, 14, 10, 8, 10
Forage: 23, 23, 23, 12, 25, 18, 15, 24, 13, 17, 16, 17, 14, 15, 15, 10, 10, 6, 9, 7, 5, 8, 9
Forage: 17, 19, 19, 20, 17, 20, 17, 21, 19, 16, 13, 10, 14, 14, 16, 10, 14, 9, 12, 12, 11, 11, 3
Forage: 15, 20, 17, 16, 26, 19, 16, 15, 19, 16, 12, 13, 16, 17, 15, 12, 13, 13, 10, 9, 12, 7
Forage: 19, 14, 18, 16, 19, 20, 22, 22, 20, 19, 17, 15, 11, 11, 11, 13, 13, 11, 10, 11, 8, 8, 6
Forage: 11, 16, 18, 22, 14, 27, 19, 13, 20, 19, 18, 18, 12, 12, 15, 12, 12, 8, 16, 11, 6, 7, 4
Forage: 15, 18, 14, 19, 18, 16, 20, 16, 21, 21, 19, 16, 15, 17, 11, 9, 14, 11, 12, 17, 11, 7
Forage: 19, 23, 26, 18, 18, 17, 20, 23, 18, 13, 14, 12, 13, 14, 13, 14, 11, 12, 16, 12, 9
Forage: 15, 18, 23, 19, 26, 19, 17, 16, 18, 18, 13, 17, 15, 20, 16, 12, 12, 18, 10, 1, 7
Forage: 17, 22, 22, 22, 23, 24, 15, 18, 18, 16, 9, 15, 15, 14, 10, 7, 12, 11, 11, 8, 6, 6, 8, 7
Forage: 17, 18, 22, 21, 13, 13, 16, 15, 18, 18, 23, 17, 19, 11, 15, 16, 10, 10, 13, 10, 6, 8, 8
Forage: 18, 21, 19, 12, 21, 16, 16, 19, 8, 20, 13, 22, 18, 12, 17, 13, 10, 11, 13, 12, 15, 9
Forage: 21, 22, 22, 20, 25, 14, 19, 15, 20, 13, 17, 12, 17, 15, 7, 16, 9, 13, 13, 14, 8
Forage: 15, 17, 15, 22, 14, 19, 17, 18, 16, 14, 18, 14, 17, 15, 15, 17, 13, 13, 16, 7, 7, 8, 6, 1, 3
Forage: 19, 18, 20, 24, 18, 28, 12, 14, 14, 20, 14, 13, 17, 16, 16, 12, 10, 11, 10, 9, 10
Forage: 17, 18, 17, 17, 23, 20, 20, 16, 17, 19, 17, 14, 12, 15, 16, 9, 10, 13, 11, 7, 11, 2, 3, 4, 9
