Forage: 23, 26, 22, 18, 19, 21, 15, 27, 18, 20, 20, 11, 16, 16, 7, 12, 10, 14, 8
Forage: 26, 24, 23, 15, 21, 19, 24, 23, 21, 13, 20, 19, 16, 13, 13, 10, 11, 12, 13
Forage: 22, 22, 19, 24, 21, 22, 23, 22, 16, 17, 18, 14, 17, 15, 20, 11, 15, 10
Forage: 24, 24, 26, 21, 20, 19, 27, 18, 24, 25, 17, 17, 17, 17, 14, 12, 12
Forage: 24, 29, 21, 24, 26, 24, 19, 18, 17, 17, 15, 18, 10, 10, 17, 15, 9, 5, 7, 11
Forage: 23, 25, 20, 22, 22, 22, 22, 19, 22, 16, 20, 18, 17, 15, 11, 10, 9, 9, 7
Forage: 28, 20, 22, 18, 22, 23, 23, 24, 14, 19, 19, 16, 18, 18, 10, 12, 14, 12
Forage: 30, 22, 23, 23, 20, 22, 20, 19, 17, 18, 19, 16, 13, 16, 14, 11, 12, 12, 5
Forage: 24, 28, 22, 20, 24, 20, 15, 19, 22, 18, 13, 16, 18, 14, 14, 11, 12, 9, 10
Forage: 28, 23, 22, 23, 24, 22, 17, 22, 22, 20, 14, 12, 18, 14, 14, 9, 18, 13
Forage: 28, 22, 25, 25, 19, 17, 18, 19, 19, 22, 17, 17, 18, 11, 21, 9, 8, 7, 8, 5
Forage: 26, 18, 19, 21, 24, 18, 21, 14, 19, 22, 14, 15, 15, 13, 18, 17, 8, 11, 8, 11
Forage: 25, 24, 23, 25, 21, 21, 19, 24, 18, 18, 18, 14, 16, 14, 12, 15, 9, 14
Forage: 27, 24, 31, 25, 17, 16, 19, 15, 18, 14, 16, 13, 12, 16, 9, 11, 12, 20, 9, 10
Forage: 26, 24, 24, 25, 20, 17, 11, 17, 17, 20, 15, 15, 18, 13, 11, 15, 10, 9, 8, 16
Forage: 26, 28, 11, 19, 27, 18, 22, 20, 16, 19, 16, 17, 15, 17, 20, 8, 16, 9, 8
Forage: 19, 25, 23, 25, 26, 25, 16, 23, 16, 14, 17, 22, 16, 12, 14, 11, 12, 9
Forage: 24, 31, 20, 24, 26, 14, 19, 17, 17, 19, 19, 11, 15, 17, 8, 11, 11, 10, 10, 9
Forage: 22, 25, 28, 24, 20, 19, 19, 19, 16, 14, 17, 17, 11, 13, 16, 11, 9, 9, 8, 10, 8
Forage: 24, 19, 27, 24, 22, 17, 23, 25, 16, 16, 20, 15, 16, 14, 10, 12, 13, 6, 4, 8, 6
Forage: 19, 22, 22, 23, 20, 21, 18, 21, 20, 22, 21, 16, 20, 16, 12, 9, 14, 11, 9
Forage: 27, 22, 22, 17, 22, 22, 19, 16, 22, 16, 18, 15, 9, 18, 16, 8, 17, 17, 8, 5
Forage: 26, 20, 22, 26, 22, 21, 12, 24, 21, 15, 19, 18, 12, 17, 20, 10, 10, 10, 3, 8
Forage: 27, 23, 25, 20, 25, 22, 26, 17, 16, 17, 19, 23, 12, 11, 12, 10, 10, 7, 7, 8
Forage: 29, 25, 30, 17, 23, 19, 19, 20, 21, 20, 20, 14, 18, 15, 10, 11, 11, 14
Forage: 20, 16, 22, 24, 20, 17, 26, 18, 23, 19, 18, 18, 8, 17, 11, 12, 11, 10, 13, 6
Forage: 26, 21, 22, 19, 24, 18, 16, 24, 17, 19, 15, 17, 18, 20, 15, 13, 12, 11, 10
Forage: 25, 18, 31, 20, 21, 20, 22, 21, 21, 19, 20, 14, 12, 12, 13, 9, 8, 8, 8, 9, 5
Forage: 23, 23, 24, 20, 22, 16, 19, 22, 16, 15, 18, 13, 19, 16, 15, 19, 16, 10, 7
Forage: 22, 24, 25, 21, 23, 20, 21, 16, 20, 21, 16, 14, 16, 11, 18, 9, 12, 13, 10
Forage: 20, 17, 26, 17, 18, 19, 23, 16, 13, 20, 16, 21, 14, 16, 21, 16, 10, 8, 12, 10
Forage: 27, 22, 18, 19, 22, 14, 22, 18, 14, 17, 19, 19, 12, 12, 12, 18, 10, 5, 13, 6, 7, 11
Forage: 25, 26, 22, 23, 18, 17, 21, 18, 15, 19, 20, 11, 17, 20, 14, 8, 12, 10, 13
Forage: 24, 23, 18, 19, 16, 15, 21, 19, 22, 19, 18, 17, 11, 18, 13, 12, 11, 6, 8, 6, 10, 8
Forage: 29, 29, 19, 22, 16, 22, 15, 22, 15, 13, 24, 21, 11, 17, 18, 10, 17, 10
Forage: 40, 24, 21, 29, 21, 22, 16, 23, 12, 16, 19, 17, 15, 14, 13, 18, 9
Forage: 25, 27, 31, 25, 18, 22, 18, 20, 17, 18, 14, 17, 15, 13, 12, 15, 11, 13
Forage: 23, 23, 31, 21, 23, 22, 21, 19, 17, 18, 21, 13, 13, 13, 13, 12, 11, 7, 9
Forage: 20, 21, 25, 24, 22, 16, 23, 20, 11, 21, 18, 20, 15, 14, 18, 8, 11, 9, 7, 7
Forage: 25, 20, 20, 25, 15, 18, 20, 21, 24, 14, 16, 20, 17, 16, 15, 15, 11, 12, 7, 4
Forage: 23, 22, 23, 21, 19, 23, 20, 21, 17, 17, 13, 18, 19, 13, 14, 13, 12, 10, 9
Forage: 26, 27, 22, 29, 17, 27, 23, 15, 14, 21, 12, 19, 17, 21, 10, 16, 15
Forage: 21, 27, 24, 25, 19, 23, 19, 16, 20, 17, 17, 13, 16, 11, 15, 13, 16, 16, 7
Forage: 25, 25, 21, 21, 28, 15, 24, 18, 20, 17, 13, 19, 16, 13, 13, 8, 14, 7, 10
Forage: 19, 27, 19, 17, 24, 20, 22, 23, 21, 19, 18, 17, 11, 13, 14, 12, 11, 15, 8, 7
Forage: 20, 25, 26, 21, 22, 20, 18, 13, 21, 17, 19, 12, 13, 10, 10, 12, 16, 11, 7, 12, 9
Forage: 25, 25, 25, 21, 20, 17, 18, 19, 19, 13, 20, 17, 16, 14, 15, 13, 7, 16, 6
Forage: 26, 23, 20, 19, 20, 19, 21, 15, 19, 19, 17, 13, 12, 19, 12, 14, 9, 6, 7, 6, 10, 9
Forage: 27, 29, 28, 17, 22, 15, 20, 19, 17, 17, 17, 19, 12, 15, 11, 13, 8, 18, 13
Forage: 25, 28, 25, 21, 20, 24, 22, 14, 17, 13, 14, 15, 18, 17, 10, 10, 14, 9, 9, 10
Forage: 24, 27, 23, 27, 21, 22, 19, 20, 18, 24, 22, 13, 16, 18, 12, 11, 8, 6
Forage: 22, 24, 25, 17, 17, 23, 20, 21, 18, 15, 16, 15, 12, 20, 13, 15, 11, 8, 5, 11
Forage: 25, 24, 27, 24, 23, 20, 17, 25, 17, 18, 10, 13, 14, 9, 13, 15, 14, 10, 11, 8
Forage: 25, 27, 24, 21, 17, 21, 19, 15, 17, 16, 14, 19, 16, 11, 11, 10, 12, 8, 11, 12
Forage: 27, 23, 27, 20, 21, 21, 26, 19, 20, 16, 20, 18, 17, 16, 19, 15, 9
Forage: 23, 22, 18, 24, 27, 18, 17, 22, 21, 19, 19, 15, 17, 9, 13, 10, 15, 14, 9
Forage: 29, 22, 19, 20, 17, 17, 17, 20, 17, 17, 10, 15, 19, 14, 13, 17, 14, 13, 6, 9, 7
Forage: 21, 23, 23, 19, 24, 18, 22, 21, 21, 20, 11, 18, 12, 15, 16, 12, 10, 8, 11, 8
Forage: 17, 22, 27, 25, 22, 29, 21, 22, 21, 18, 18, 10, 16, 17, 13, 10, 13, 12
Forage: 22, 20, 24, 21, 21, 21, 26, 24, 19, 17, 18, 17, 15, 16, 11, 10, 10, 10, 9
Forage: 33, 21, 25, 25, 20, 19, 22, 16, 19, 13, 13, 13, 17, 16, 11, 19, 6, 12, 11, 4
Forage: 26, 27, 27, 25, 17, 19, 17, 25, 14, 14, 21, 20, 19, 11, 9, 14, 13, 9, 9
Forage: 30, 22, 27, 27, 17, 21, 16, 24, 14, 13, 15, 18, 14, 16, 15, 12, 11, 14, 8
Forage: 23, 15, 22, 23, 23, 21, 18, 18, 19, 16, 14, 14, 16, 12, 14, 14, 13, 10, 11, 6, 12
Forage: 25, 25, 27, 28, 28, 23, 16, 14, 19, 14, 18, 16, 17, 9, 13, 11, 10, 11, 6
Forage: 32, 26, 22, 20, 17, 15, 18, 17, 19, 18, 19, 13, 14, 12, 9, 16, 11, 9, 12, 11
Forage: 24, 23, 19, 26, 24, 21, 17, 15, 18, 22, 19, 18, 19, 13, 12, 12, 9, 9, 9
Forage: 17, 25, 24, 19, 27, 25, 20, 21, 19, 14, 19, 13, 16, 13, 12, 9, 13, 8, 10, 7
Forage: 26, 20, 27, 21, 25, 20, 19, 19, 15, 22, 17, 15, 21, 16, 12, 14, 15, 10
Forage: 26, 23, 20, 25, 22, 19, 21, 22, 15, 19, 13, 19, 9, 10, 14, 16, 15, 8, 13, 7
Forage: 22, 22, 19, 23, 21, 19, 22, 21, 25, 21, 19, 14, 15, 15, 15, 9, 11, 12, 9
Forage: 26, 20, 20, 22, 25, 24, 22, 19, 14, 22, 9, 10, 12, 21, 14, 12, 11, 17, 10
Forage: 18, 24, 20, 23, 22, 17, 21, 17, 22, 16, 13, 15, 11, 11, 15, 18, 19, 9, 16, 9
Forage: 26, 24, 25, 16, 20, 17, 22, 17, 15, 19, 12, 17, 15, 11, 15, 20, 7, 10, 12, 11
Forage: 25, 21, 23, 22, 20, 18, 27, 18, 17, 15, 17, 14, 12, 13, 9, 13, 7, 13, 14, 8, 10
Forage: 25, 23, 18, 25, 16, 19, 17, 12, 15, 26, 15, 14, 14, 16, 9, 19, 10, 15, 7, 7, 8
Forage: 32, 23, 19, 16, 18, 16, 22, 20, 16, 22, 20, 15, 17, 9, 12, 15, 12, 12, 9, 6, 4
Forage: 27, 29, 26, 27, 25, 17, 18, 19, 18, 16, 16, 16, 15, 9, 14, 13, 12, 9, 11
Forage: 23, 28, 22, 22, 22, 17, 25, 26, 21, 18, 24, 19, 12, 13, 14, 12, 8, 8
Forage: 22, 26, 21, 25, 20, 22, 14, 16, 19, 18, 15, 6, 14, 14, 12, 15, 13, 13, 7, 7, 6, 8
Forage: 22, 18, 22, 20, 26, 19, 20, 14, 19, 14, 22, 15, 15, 16, 13, 15, 10, 10, 8, 9, 3, 7
Forage: 21, 17, 22, 19, 22, 21, 19, 16, 18, 18, 13, 20, 19, 14, 17, 10, 12, 15, 12, 9
Forage: 25, 29, 20, 27, 21, 22, 23, 20, 18, 17, 15, 16, 14, 12, 14, 11, 7, 11, 6, 6
Forage: 22, 23, 19, 31, 22, 24, 26, 20, 15, 18, 19, 10, 17, 14, 12, 14, 13, 10, 7
Forage: 34, 23, 22, 23, 20, 17, 14, 17, 20, 17, 14, 16, 16, 11, 11, 10, 12, 7, 11, 8, 7
Forage: 24, 22, 22, 24, 22, 17, 18, 16, 17, 11, 17, 16, 12, 12, 13, 12, 12, 15, 11, 10, 9
Forage: 37, 22, 23, 27, 22, 22, 19, 18, 20, 12, 20, 16, 11, 13, 13, 13, 6, 13, 6
Forage: 34, 19, 24, 25, 22, 24, 20, 18, 18, 20, 15, 13, 15, 18, 15, 14, 10, 11
Forage: 23, 18, 24, 22, 22, 25, 19, 20, 24, 10, 18, 17, 13, 17, 13, 9, 12, 7, 11, 11
Forage: 23, 23, 30, 19, 22, 19, 19, 17, 19, 17, 15, 16, 17, 10, 13, 11, 10, 6, 7, 9, 7, 8
Forage: 24, 30, 26, 25, 19, 25, 19, 20, 19, 17, 16, 19, 18, 17, 11, 12, 10, 9
Forage: 25, 28, 20, 21, 19, 22, 16, 19, 18, 21, 20, 11, 16, 7, 11, 12, 12, 10, 14, 11
Forage: 21, 26, 25, 27, 18, 23, 23, 18, 23, 16, 15, 16, 16, 16, 9, 7, 11, 9, 5, 10
Forage: 26, 16, 25, 23, 19, 21, 25, 22, 15, 14, 17, 23, 13, 14, 11, 10, 14, 12, 8
Forage: 24, 24, 16, 25, 22, 23, 23, 15, 19, 12, 20, 14, 13, 17, 12, 16, 12, 11, 10, 7
Forage: 29, 20, 20, 23, 19, 24, 21, 15, 17, 18, 14, 15, 18, 16, 10, 12, 12, 13, 4, 12
Forage: 24, 28, 24, 17, 25, 22, 17, 18, 18, 19, 19, 14, 12, 10, 12, 10, 13, 12, 7, 10
Forage: 32, 23, 26, 29, 26, 23, 19, 19, 16, 22, 15, 17, 12, 13, 13, 10, 11, 7
Forage: 23, 19, 22, 19, 21, 24, 24, 13, 20, 19, 17, 17, 14, 19, 13, 12, 9, 14, 5, 8
Forage: 22, 19, 23, 24, 21, 20, 22, 18, 19, 18, 17, 10, 18, 13, 19, 9, 9, 13, 8, 5, 10
