Forage: 8, 21, 18, 17, 18, 15, 13, 13, 19, 15, 13, 17, 16, 19, 9, 11, 12, 4, 9, 8, 7, 7, 10, 6, 7, 9, 4, 5, 6
Forage: 17, 13, 18, 13, 13, 15, 17, 18, 12, 17, 12, 14, 11, 13, 10, 5, 13, 11, 6, 8, 8, 11, 11, 9, 8, 7, 11, 8, 6
Forage: 10, 20, 17, 17, 19, 15, 19, 21, 12, 17, 12, 13, 13, 11, 11, 8, 6, 11, 8, 9, 9, 10, 6, 12, 8, 6, 6, 7
Forage: 18, 27, 23, 21, 21, 12, 14, 16, 11, 11, 13, 12, 4, 9, 10, 10, 10, 12, 9, 11, 10, 10, 7, 7, 8, 7, 10
Forage: 17, 18, 18, 19, 19, 14, 14, 15, 10, 17, 17, 11, 10, 7, 16, 13, 12, 9, 11, 8, 12, 9, 9, 8, 8, 10, 3
Forage: 15, 20, 20, 21, 10, 16, 10, 23, 19, 12, 10, 15, 11, 9, 14, 7, 11, 11, 10, 3, 6, 11, 12, 10, 5, 8, 7, 6, 4
Forage: 13, 21, 17, 14, 16, 14, 17, 11, 17, 15, 17, 10, 13, 8, 12, 14, 11, 5, 10, 11, 11, 9, 9, 10, 6, 9, 3, 5, 6
Forage: 15, 20, 25, 17, 23, 14, 15, 16, 10, 16, 14, 14, 11, 12, 14, 14, 13, 10, 8, 14, 8, 11, 13, 7
Forage: 16, 20, 20, 21, 17, 18, 10, 13, 15, 15, 12, 20, 11, 12, 14, 9, 9, 10, 10, 9, 8, 11, 12, 12
Forage: 16, 22, 17, 17, 17, 15, 20, 15, 15, 15, 16, 9, 10, 17, 10, 13, 9, 12, 11, 6, 13, 8, 9, 9, 8, 7
Forage: 12, 21, 23, 18, 13, 23, 16, 16, 17, 13, 13, 20, 14, 17, 16, 12, 11, 11, 7, 6, 8, 3, 9, 8, 7
Forage: 11, 22, 18, 19, 12, 17, 17, 13, 16, 15, 14, 19, 16, 13, 16, 13, 14, 12, 10, 7, 7, 9, 5, 2, 7, 2, 1, 7
Forage: 15, 23, 19, 15, 12, 20, 12, 22, 16, 17, 15, 15, 13, 13, 10, 7, 14, 11, 9, 11, 5, 8, 3, 7, 6, 9, 9
Forage: 17, 23, 16, 19, 20, 15, 10, 11, 15, 11, 18, 13, 17, 13, 12, 17, 11, 11, 10, 8, 9, 4, 12, 9, 12
Forage: 16, 21, 19, 15, 11, 15, 17, 15, 12, 11, 13, 14, 11, 8, 12, 10, 10, 11, 12, 10, 13, 7, 7, 9, 9, 7, 12, 8
Forage: 16, 17, 19, 15, 13, 17, 11, 13, 12, 12, 14, 9, 12, 19, 17, 13, 12, 15, 10, 11, 10, 7, 11, 9, 7, 12
Forage: 22, 25, 25, 19, 15, 14, 18, 12, 16, 10, 9, 15, 14, 13, 16, 12, 9, 8, 8, 6, 7, 11, 7, 7, 7, 4, 7
Forage: 10, 17, 20, 15, 17, 15, 16, 16, 11, 16, 19, 13, 17, 10, 13, 13, 7, 9, 8, 4, 9, 8, 10, 9, 9, 6, 9, 1, 4, 4
Forage: 13, 20, 19, 15, 14, 15, 21, 15, 15, 16, 21, 19, 13, 10, 15, 10, 10, 10, 10, 9, 10, 6, 10, 5, 8, 6
Forage: 14, 23, 20, 20, 21, 16, 17, 14, 14, 15, 17, 12, 13, 12, 9, 16, 9, 12, 8, 10, 7, 10, 6, 8, 6, 6
Forage: 12, 24, 20, 18, 16, 21, 17, 20, 13, 18, 16, 20, 12, 13, 12, 11, 11, 12, 13, 9, 9, 9, 10
Forage: 11, 20, 16, 24, 19, 13, 11, 22, 12, 11, 14, 11, 15, 13, 10, 9, 6, 11, 13, 17, 11, 6, 11, 7, 9, 7, 6, 1
Forage: 12, 13, 21, 17, 23, 17, 14, 16, 19, 17, 17, 11, 13, 12, 15, 12, 6, 10, 8, 11, 10, 11, 6, 13, 4, 3
Forage: 15, 23, 16, 18, 14, 15, 19, 15, 14, 15, 17, 15, 13, 9, 16, 14, 15, 10, 10, 8, 11, 10, 6, 6, 7
Forage: 13, 18, 17, 19, 14, 16, 13, 15, 16, 13, 11, 15, 11, 10, 19, 16, 14, 14, 9, 10, 7, 6, 8, 5, 8, 9, 10
Forage: 10, 18, 12, 18, 12, 19, 18, 18, 8, 17, 12, 15, 12, 11, 11, 13, 12, 11, 8, 8, 8, 10, 7, 8, 9, 10, 14, 6
Forage: 15, 22, 17, 16, 16, 17, 15, 15, 16, 15, 16, 14, 9, 10, 14, 13, 9, 8, 5, 6, 8, 12, 7, 10, 11, 6, 5, 3, 4
Forage: 16, 15, 18, 12, 17, 20, 17, 18, 10, 15, 14, 15, 17, 16, 19, 14, 8, 18, 9, 9, 10, 7, 3, 8, 11
Forage: 14, 17, 19, 21, 19, 17, 21, 15, 15, 14, 12, 12, 11, 14, 6, 10, 11, 14, 15, 11, 10, 10, 8, 11, 10
Forage: 14, 20, 19, 18, 13, 14, 13, 17, 14, 13, 12, 15, 17, 13, 12, 12, 14, 13, 11, 10, 7, 11, 4, 4, 5, 8, 7, 6
Forage: 14, 16, 18, 15, 18, 18, 17, 21, 14, 13, 8, 15, 15, 8, 13, 15, 8, 12, 8, 13, 9, 8, 8, 9, 9, 6, 7
Forage: 14, 21, 11, 17, 17, 21, 13, 14, 10, 14, 13, 13, 18, 14, 10, 11, 11, 7, 14, 9, 11, 8, 11, 9, 10, 9, 4
Forage: 15, 17, 21, 18, 15, 16, 14, 14, 15, 8, 12, 10, 13, 10, 14, 16, 7, 7, 14, 9, 10, 11, 14, 12, 10, 3, 4, 7
Forage: 22, 17, 25, 19, 13, 15, 18, 15, 12, 12, 13, 13, 16, 11, 7, 13, 12, 10, 8, 14, 6, 7, 8, 8, 10, 8, 4
Forage: 13, 18, 16, 15, 19, 11, 19, 11, 12, 16, 11, 14, 10, 10, 14, 16, 5, 11, 11, 9, 8, 6, 9, 7, 8, 7, 5, 5, 7, 7
Forage: 11, 18, 19, 17, 18, 24, 18, 13, 16, 15, 12, 7, 12, 11, 9, 10, 10, 11, 11, 12, 6, 9, 4, 10, 6, 8, 3, 4, 6, 7
Forage: 15, 21, 13, 20, 15, 18, 14, 16, 18, 13, 13, 12, 16, 11, 13, 10, 11, 14, 9, 11, 11, 10, 9, 5, 8, 5
Forage: 17, 20, 22, 16, 21, 20, 13, 14, 13, 20, 16, 10, 15, 10, 18, 10, 11, 10, 12, 6, 13, 6, 7, 11
Forage: 13, 17, 22, 15, 16, 13, 15, 15, 16, 19, 15, 17, 16, 12, 13, 6, 13, 9, 8, 10, 10, 12, 9, 10, 8
Forage: 9, 16, 22, 11, 19, 12, 21, 12, 17, 12, 20, 14, 7, 18, 12, 12, 9, 11, 11, 10, 11, 12, 9, 12, 9, 3
Forage: 10, 17, 20, 17, 19, 12, 17, 15, 20, 16, 14, 15, 16, 12, 11, 11, 12, 12, 14, 10, 4, 12, 7, 2, 6, 7, 6
Forage: 16, 14, 17, 21, 17, 20, 17, 13, 17, 14, 18, 16, 9, 13, 12, 12, 14, 11, 8, 7, 9, 8, 10, 7, 4, 4, 7
Forage: 14, 18, 15, 15, 18, 13, 18, 13, 17, 12, 12, 13, 16, 15, 15, 13, 13, 9, 10, 13, 11, 6, 7, 3, 7, 6, 9, 5
Forage: 17, 18, 20, 21, 22, 16, 19, 15, 15, 13, 16, 12, 10, 13, 13, 6, 10, 5, 12, 13, 9, 14, 12, 6, 8
Forage: 17, 19, 21, 16, 15, 15, 20, 12, 15, 17, 16, 14, 11, 9, 11, 15, 8, 13, 15, 13, 12, 9, 8, 12
Forage: 16, 23, 24, 21, 20, 20, 22, 21, 10, 15, 13, 16, 12, 10, 11, 11, 12, 11, 6, 12, 8, 6, 3, 3, 7
Forage: 14, 18, 16, 28, 18, 15, 18, 15, 17, 14, 15, 17, 8, 18, 9, 8, 5, 8, 9, 7, 8, 7, 9, 5, 6, 9, 11, 4
Forage: 21, 15, 19, 19, 20, 16, 12, 17, 20, 10, 15, 15, 10, 12, 12, 13, 10, 14, 9, 14, 10, 7, 9, 11, 6
Forage: 15, 24, 9, 13, 23, 22, 13, 13, 14, 16, 18, 17, 12, 13, 15, 12, 5, 9, 9, 6, 8, 5, 8, 8, 7, 8, 5, 4, 5
Forage: 19, 13, 17, 17, 15, 13, 16, 14, 15, 13, 12, 11, 14, 7, 13, 11, 8, 14, 8, 15, 14, 6, 9, 10, 7, 4, 10, 4, 4, 4
