Forage: 17, 26, 22, 19, 23, 28, 22, 25, 18, 19, 23, 19, 23, 18, 17, 12
Forage: 19, 20, 25, 25, 25, 18, 22, 26, 22, 20, 19, 18, 18, 18, 10, 15, 14
Forage: 20, 24, 26, 20, 28, 23, 15, 22, 19, 20, 17, 20, 19, 14, 13, 15, 20
Forage: 22, 23, 23, 26, 25, 27, 27, 18, 21, 20, 17, 15, 13, 13, 18, 12, 7, 10
Forage: 26, 21, 28, 18, 25, 23, 21, 24, 13, 21, 20, 19, 10, 16, 11, 19, 12, 10
Forage: 23, 24, 20, 25, 24, 18, 19, 20, 20, 15, 20, 16, 15, 12, 16, 9, 14, 13, 9
Forage: 24, 21, 21, 31, 21, 20, 20, 20, 20, 18, 17, 19, 13, 15, 12, 11, 11, 13
Forage: 21, 23, 21, 27, 19, 22, 19, 17, 19, 22, 23, 12, 11, 21, 18, 16, 16
Forage: 27, 20, 25, 24, 28, 19, 25, 17, 18, 21, 13, 21, 19, 19, 17, 14, 9
Forage: 24, 34, 20, 26, 23, 19, 17, 25, 16, 16, 22, 26, 19, 18, 9, 11, 11
Forage: 26, 23, 25, 18, 25, 23, 25, 20, 21, 15, 19, 13, 16, 10, 19, 9, 9, 9, 8
Forage: 23, 19, 25, 19, 27, 17, 19, 21, 20, 20, 24, 16, 14, 13, 11, 18, 11, 10, 6
Forage: 21, 34, 31, 30, 20, 18, 16, 19, 20, 18, 19, 20, 17, 9, 11, 16, 13
Forage: 21, 24, 25, 18, 25, 26, 24, 23, 19, 19, 14, 16, 19, 12, 8, 13, 11, 15
Forage: 25, 24, 24, 24, 21, 21, 22, 20, 18, 16, 14, 14, 11, 16, 13, 8, 17, 11, 5, 8
Forage: 21, 24, 21, 23, 25, 23, 24, 20, 18, 19, 25, 15, 15, 14, 15, 15, 10, 7
Forage: 25, 23, 26, 18, 25, 20, 21, 24, 18, 20, 16, 18, 15, 15, 20, 12, 16
Forage: 25, 21, 24, 26, 19, 18, 18, 17, 19, 15, 16, 12, 19, 17, 15, 15, 14, 11, 10
Forage: 23, 28, 25, 23, 23, 23, 21, 13, 23, 18, 17, 12, 13, 19, 17, 14, 10, 10
Forage: 34, 30, 28, 24, 18, 21, 18, 19, 20, 14, 17, 18, 15, 11, 14, 11, 7, 10
Forage: 25, 25, 26, 25, 29, 25, 17, 22, 23, 17, 15, 9, 10, 17, 9, 10, 15, 11, 7
Forage: 22, 24, 27, 24, 18, 22, 22, 15, 20, 16, 21, 15, 13, 13, 12, 11, 14, 12, 6
Forage: 24, 22, 27, 20, 22, 21, 20, 22, 19, 21, 19, 16, 12, 12, 12, 11, 10, 10, 8, 7
Forage: 23, 26, 29, 20, 28, 28, 21, 20, 18, 21, 23, 20, 15, 10, 10, 16, 8
Forage: 21, 25, 23, 25, 20, 21, 19, 19, 18, 19, 20, 18, 15, 14, 12, 7, 7, 11, 8, 8, 7
Forage: 15, 26, 22, 19, 24, 20, 26, 21, 17, 14, 21, 19, 15, 14, 11, 14, 16, 9, 8
Forage: 23, 23, 25, 19, 22, 23, 25, 21, 14, 16, 13, 16, 14, 17, 12, 10, 11, 12, 16
Forage: 21, 25, 23, 19, 27, 22, 27, 21, 17, 21, 21, 22, 15, 14, 14, 13, 12
Forage: 21, 27, 22, 24, 20, 22, 25, 16, 17, 18, 15, 19, 17, 16, 13, 18, 12, 10
Forage: 19, 22, 26, 20, 26, 27, 28, 19, 20, 19, 17, 13, 17, 14, 11, 11, 6, 8, 9
Forage: 20, 22, 23, 29, 21, 21, 21, 18, 19, 16, 17, 16, 19, 18, 15, 15, 9, 13
Forage: 25, 34, 21, 26, 20, 25, 30, 24, 21, 19, 19, 10, 13, 15, 7, 7, 9, 8
Forage: 21, 28, 17, 25, 19, 17, 28, 25, 14, 23, 17, 14, 10, 17, 14, 13, 14, 15
Forage: 22, 23, 25, 30, 17, 17, 22, 23, 18, 20, 18, 19, 16, 19, 14, 16, 7, 6
Forage: 23, 19, 21, 22, 20, 28, 19, 21, 21, 21, 21, 18, 21, 16, 21, 15, 9
Forage: 29, 24, 21, 22, 22, 17, 22, 17, 24, 21, 21, 17, 13, 12, 13, 10, 14, 9
Forage: 20, 23, 27, 26, 21, 20, 17, 20, 19, 12, 21, 24, 16, 16, 9, 13, 18, 8
Forage: 21, 24, 30, 23, 21, 27, 18, 19, 16, 22, 21, 16, 14, 10, 11, 12, 8, 14, 10
Forage: 19, 24, 30, 27, 24, 16, 17, 22, 22, 17, 25, 17, 12, 25, 14, 18, 8
Forage: 25, 30, 21, 17, 22, 21, 23, 17, 21, 23, 20, 17, 11, 12, 16, 18, 9, 9
Forage: 17, 29, 23, 30, 28, 18, 19, 18, 19, 14, 22, 14, 17, 13, 16, 15, 8, 11, 6
Forage: 23, 28, 29, 26, 21, 23, 17, 23, 14, 24, 17, 23, 14, 18, 11, 12, 12
Forage: 16, 23, 25, 23, 19, 22, 28, 20, 16, 20, 16, 22, 19, 15, 9, 11, 13, 9
Forage: 21, 27, 20, 24, 21, 22, 24, 18, 19, 25, 24, 17, 12, 21, 16, 11, 8
Forage: 24, 22, 22, 19, 16, 20, 22, 19, 17, 16, 18, 15, 17, 20, 17, 19, 8, 15, 10
Forage: 27, 17, 23, 23, 16, 20, 16, 23, 20, 13, 18, 18, 16, 15, 16, 14, 13, 12, 9
Forage: 25, 30, 27, 19, 19, 20, 24, 19, 22, 18, 17, 14, 15, 12, 12, 12, 14, 13
Forage: 16, 23, 23, 19, 22, 23, 21, 15, 16, 16, 15, 15, 12, 21, 12, 17, 16, 13, 16
Forage: 20, 28, 27, 18, 18, 27, 16, 20, 23, 22, 19, 20, 20, 12, 11, 17, 7, 6
Forage: 22, 31, 28, 25, 23, 18, 19, 21, 19, 17, 10, 12, 20, 14, 14, 8, 8, 9, 7, 9
Forage: 19, 22, 23, 19, 27, 24, 20, 20, 20, 20, 23, 21, 15, 16, 16, 11, 13
Forage: 24, 28, 24, 25, 28, 20, 20, 16, 15, 19, 15, 18, 17, 12, 16, 13, 9, 11
Forage: 14, 25, 22, 23, 22, 23, 25, 26, 18, 15, 16, 11, 11, 10, 16, 14, 12, 13, 13
Forage: 19, 21, 24, 29, 27, 24, 28, 22, 26, 18, 17, 19, 16, 16, 15, 15
Forage: 20, 28, 24, 18, 20, 18, 22, 26, 24, 18, 16, 16, 19, 15, 16, 11, 13
Forage: 18, 21, 29, 21, 26, 22, 27, 28, 27, 26, 12, 16, 16, 20, 12, 10
Forage: 29, 26, 30, 23, 20, 25, 26, 22, 20, 21, 13, 16, 15, 13, 14, 10, 9
Forage: 23, 31, 28, 23, 23, 18, 16, 21, 19, 18, 24, 16, 14, 16, 16, 9, 6, 5
Forage: 25, 20, 23, 20, 25, 29, 27, 22, 20, 15, 22, 12, 19, 13, 12, 19, 14
Forage: 22, 21, 28, 23, 28, 24, 18, 22, 19, 22, 19, 12, 24, 14, 10, 19, 8
Forage: 21, 26, 23, 18, 23, 21, 21, 21, 23, 19, 22, 14, 13, 8, 15, 14, 9, 14, 8
Forage: 21, 22, 28, 28, 29, 24, 20, 24, 15, 20, 19, 13, 18, 18, 10, 12, 9
Forage: 21, 24, 20, 25, 9, 20, 20, 23, 23, 18, 17, 23, 20, 19, 16, 13, 13, 9
Forage: 22, 19, 19, 20, 23, 17, 18, 22, 20, 17, 19, 25, 22, 11, 13, 14, 15, 12
Forage: 23, 32, 23, 25, 26, 23, 22, 20, 23, 19, 17, 16, 19, 17, 10, 11, 5
Forage: 21, 25, 22, 21, 23, 23, 14, 20, 13, 19, 20, 17, 23, 15, 18, 11, 18, 10
Forage: 21, 25, 19, 17, 23, 19, 17, 23, 18, 18, 16, 20, 16, 14, 17, 11, 11, 14, 8
Forage: 20, 21, 26, 22, 26, 27, 29, 20, 25, 24, 17, 22, 18, 14, 14, 8
Forage: 24, 24, 24, 23, 20, 19, 30, 29, 14, 18, 16, 19, 11, 13, 11, 11, 9, 11, 9
Forage: 21, 24, 25, 29, 19, 29, 24, 23, 18, 14, 19, 16, 15, 9, 15, 13, 10, 10
Forage: 30, 31, 28, 26, 31, 25, 22, 20, 14, 17, 14, 19, 16, 11, 14, 10, 9
Forage: 14, 23, 27, 20, 26, 23, 23, 24, 18, 18, 14, 18, 12, 15, 17, 15, 12, 11
Forage: 21, 25, 22, 29, 23, 18, 20, 20, 23, 20, 25, 20, 14, 12, 18, 9, 6
Forage: 22, 22, 29, 22, 21, 28, 22, 19, 19, 22, 10, 18, 11, 19, 11, 15, 9, 6, 3, 4
Forage: 20, 31, 24, 30, 16, 21, 28, 21, 18, 21, 19, 17, 24, 12, 16, 10
Forage: 22, 27, 23, 22, 28, 20, 25, 19, 15, 13, 13, 14, 13, 15, 17, 12, 17, 10, 4, 6
Forage: 21, 23, 20, 29, 24, 22, 21, 22, 18, 20, 11, 16, 10, 13, 9, 10, 5, 6, 12, 10, 10, 5
Forage: 20, 31, 26, 24, 25, 26, 20, 18, 14, 17, 15, 17, 15, 19, 17, 10, 5, 8, 10
Forage: 19, 19, 31, 25, 24, 20, 21, 19, 21, 17, 22, 18, 21, 16, 13, 5, 7, 10
Forage: 19, 22, 22, 26, 19, 23, 24, 24, 19, 16, 21, 16, 15, 16, 8, 14, 11, 12, 5
Forage: 18, 21, 26, 19, 21, 28, 19, 22, 20, 16, 17, 19, 12, 9, 12, 16, 18, 12, 10
Forage: 20, 21, 24, 22, 21, 20, 23, 24, 14, 17, 21, 24, 16, 16, 14, 10, 8, 16, 6
Forage: 17, 24, 21, 22, 20, 22, 22, 19, 24, 24, 16, 23, 15, 18, 13, 17, 10
Forage: 23, 27, 21, 25, 27, 23, 21, 19, 19, 12, 15, 17, 20, 23, 14, 14, 10
Forage: 20, 18, 24, 20, 25, 21, 19, 24, 17, 22, 11, 15, 13, 18, 19, 15, 12, 10
Forage: 23, 21, 28, 20, 26, 21, 23, 17, 22, 20, 14, 13, 18, 21, 13, 8, 10, 12, 7
Forage: 24, 30, 20, 23, 20, 23, 20, 17, 22, 17, 16, 15, 12, 18, 14, 12, 13, 14, 4
Forage: 21, 23, 22, 29, 22, 19, 16, 16, 18, 19, 19, 16, 11, 21, 19, 18, 9, 12, 7
Forage: 20, 27, 25, 26, 17, 25, 21, 17, 22, 14, 17, 14, 23, 14, 15, 16, 15
Forage: 24, 19, 25, 22, 22, 18, 17, 22, 18, 25, 21, 17, 18, 11, 19, 17, 16
Forage: 27, 25, 25, 21, 24, 20, 18, 24, 14, 14, 21, 12, 15, 16, 14, 11, 11, 15
Forage: 25, 20, 19, 23, 21, 17, 18, 18, 18, 14, 18, 16, 19, 15, 23, 20, 14, 12
Forage: 18, 25, 21, 23, 18, 24, 19, 22, 16, 20, 19, 17, 13, 17, 14, 15, 14, 12, 10
Forage: 23, 29, 25, 22, 23, 26, 20, 19, 14, 18, 13, 16, 18, 17, 14, 14, 9, 14
Forage: 22, 22, 20, 23, 28, 25, 21, 22, 21, 24, 18, 16, 14, 16, 9, 12, 9, 6, 8
Forage: 23, 21, 20, 26, 19, 23, 19, 25, 17, 19, 15, 13, 14, 15, 9, 12, 1, 15, 14, 17
Forage: 22, 27, 24, 23, 19, 20, 17, 21, 18, 23, 20, 17, 15, 19, 10, 17, 13, 10
Forage: 16, 19, 21, 25, 23, 28, 19, 21, 23, 12, 14, 18, 18, 17, 17, 13, 12, 16
Forage: 21, 28, 26, 24, 25, 21, 23, 21, 16, 17, 17, 13, 20, 11, 12, 14, 15, 10
Forage: 22, 22, 24, 22, 19, 27, 17, 21, 16, 17, 21, 25, 17, 14, 14, 13, 9, 12
