Forage: 29, 36, 23, 24, 26, 19, 28, 20, 21, 27, 16, 18, 17, 14, 16
Forage: 27, 33, 30, 26, 31, 22, 25, 26, 25, 19, 15, 18, 20, 10
Forage: 25, 27, 26, 29, 33, 25, 29, 21, 28, 26, 18, 16, 17, 8
Forage: 32, 24, 25, 29, 26, 25, 18, 21, 23, 23, 20, 15, 19, 17, 13
Forage: 21, 28, 34, 30, 21, 26, 21, 25, 16, 22, 21, 11, 18, 16, 10, 9
Forage: 24, 27, 30, 27, 20, 25, 24, 23, 24, 26, 19, 25, 16, 17
Forage: 26, 29, 29, 31, 25, 26, 24, 22, 18, 19, 18, 19, 21, 19
Forage: 27, 30, 26, 31, 29, 28, 22, 25, 21, 21, 15, 21, 18, 15
Forage: 20, 27, 25, 26, 24, 27, 21, 16, 25, 25, 19, 19, 13, 20, 10, 8, 10
Forage: 25, 26, 21, 24, 30, 25, 25, 21, 24, 22, 23, 17, 14, 18, 16
Forage: 32, 31, 27, 24, 28, 26, 29, 27, 23, 20, 22, 14, 15, 17
Forage: 29, 26, 29, 25, 29, 25, 26, 24, 24, 17, 23, 16, 15, 16, 10
Forage: 25, 30, 34, 18, 27, 25, 23, 21, 25, 22, 26, 12, 15, 15, 14
Forage: 27, 32, 30, 32, 27, 27, 27, 22, 20, 23, 20, 17, 15, 17
Forage: 26, 27, 36, 26, 24, 28, 25, 23, 26, 19, 9, 18, 20, 15, 10
Forage: 25, 32, 26, 31, 26, 24, 29, 18, 22, 24, 22, 19, 16, 16
Forage: 28, 28, 26, 31, 23, 27, 21, 23, 24, 20, 17, 25, 13, 17
Forage: 28, 36, 30, 23, 26, 25, 18, 23, 21, 20, 16, 15, 18, 17, 14
Forage: 30, 31, 31, 31, 25, 34, 25, 24, 20, 20, 17, 14, 15, 15
Forage: 34, 28, 32, 24, 26, 28, 20, 26, 23, 19, 20, 9, 20, 12, 8
Forage: 33, 26, 32, 24, 23, 26, 28, 23, 22, 21, 17, 18, 20, 12, 8
Forage: 24, 27, 26, 28, 25, 26, 24, 14, 25, 22, 17, 23, 13, 13, 10, 11, 7
Forage: 22, 29, 29, 27, 20, 30, 24, 27, 22, 21, 20, 13, 18, 14, 19
Forage: 22, 26, 24, 24, 28, 25, 18, 19, 30, 25, 20, 16, 16, 15, 12, 13
Forage: 24, 25, 26, 22, 25, 22, 29, 23, 22, 19, 21, 14, 17, 14, 13, 21
Forage: 24, 28, 24, 25, 26, 23, 28, 25, 21, 21, 26, 15, 18, 19, 13
Forage: 24, 30, 24, 16, 31, 23, 25, 25, 23, 25, 19, 22, 19, 11, 14
Forage: 27, 32, 29, 32, 28, 33, 17, 28, 16, 16, 19, 17, 20, 16
Forage: 20, 31, 28, 30, 18, 19, 31, 26, 26, 23, 20, 17, 14, 18, 15
Forage: 21, 36, 27, 25, 28, 21, 23, 24, 19, 20, 21, 20, 12, 12, 15, 8
Forage: 26, 25, 24, 26, 25, 21, 29, 29, 17, 15, 22, 17, 21, 12, 21
Forage: 25, 28, 21, 26, 19, 29, 26, 20, 22, 20, 22, 17, 17, 18, 14
Forage: 28, 33, 31, 27, 26, 25, 27, 24, 27, 25, 10, 19, 9, 9, 9, 7
Forage: 25, 32, 30, 29, 27, 17, 20, 22, 19, 19, 26, 18, 18, 10, 12, 11
Forage: 24, 31, 28, 28, 26, 31, 26, 26, 17, 19, 15, 16, 16, 16, 15
Forage: 23, 31, 24, 28, 25, 27, 22, 22, 27, 21, 11, 22, 13, 17, 16
Forage: 24, 28, 26, 24, 28, 27, 21, 19, 29, 25, 17, 21, 19, 14
Forage: 25, 23, 28, 25, 23, 27, 23, 22, 15, 24, 24, 19, 10, 16, 14, 13
Forage: 30, 34, 32, 26, 24, 26, 28, 19, 21, 20, 23, 20, 23
Forage: 25, 29, 25, 33, 24, 27, 23, 15, 19, 18, 21, 18, 17, 24, 11
Forage: 29, 26, 26, 22, 24, 26, 30, 28, 25, 20, 19, 14, 15, 11, 10, 11
Forage: 22, 30, 33, 26, 28, 25, 20, 22, 18, 14, 25, 15, 16, 17, 11
Forage: 25, 24, 23, 26, 24, 23, 28, 23, 21, 22, 24, 20, 17, 17, 14
Forage: 22, 27, 27, 25, 22, 27, 25, 25, 24, 17, 19, 20, 19, 18, 18
Forage: 28, 24, 22, 28, 24, 23, 24, 21, 20, 25, 24, 24, 13, 17, 12, 8
Forage: 30, 25, 30, 28, 28, 23, 26, 20, 20, 23, 14, 21, 15, 17, 13
Forage: 28, 32, 26, 22, 19, 26, 22, 25, 23, 26, 23, 17, 16, 20
Forage: 28, 34, 26, 26, 27, 27, 28, 20, 24, 22, 20, 20, 16, 12
Forage: 25, 27, 27, 26, 26, 26, 27, 20, 26, 23, 21, 20, 18, 12, 8
Forage: 27, 30, 24, 27, 27, 18, 21, 23, 26, 18, 22, 24, 11, 11, 13, 13
Forage: 24, 22, 31, 27, 26, 23, 29, 18, 25, 22, 16, 20, 17, 12, 14
Forage: 21, 35, 26, 29, 29, 25, 26, 23, 25, 23, 17, 17, 16, 11
Forage: 27, 29, 29, 20, 23, 20, 27, 24, 23, 21, 20, 19, 16, 16, 16, 7
Forage: 30, 31, 27, 28, 29, 20, 19, 22, 21, 24, 16, 14, 18, 13, 14
Forage: 27, 27, 28, 23, 30, 26, 15, 26, 20, 23, 18, 15, 16, 14, 15, 9
Forage: 28, 30, 34, 26, 25, 25, 21, 24, 23, 19, 20, 13, 21, 11, 9
Forage: 26, 31, 26, 29, 28, 28, 26, 16, 20, 18, 23, 17, 18, 15, 15
Forage: 26, 29, 26, 21, 23, 25, 21, 31, 26, 16, 23, 20, 19, 16, 13
Forage: 26, 29, 20, 35, 28, 23, 24, 18, 23, 16, 15, 19, 16, 16, 15, 9
Forage: 25, 30, 32, 34, 29, 23, 28, 18, 20, 16, 19, 20, 16, 15, 5
