Forage: 16, 23, 25, 22, 22, 18, 20, 13, 21, 16, 11, 13, 13, 12, 12, 14, 12, 9, 5, 7, 13, 8, 6, 5
Forage: 15, 21, 23, 19, 21, 17, 18, 16, 19, 16, 17, 14, 10, 17, 15, 17, 13, 8, 13, 16, 9
Forage: 19, 21, 24, 20, 20, 21, 20, 12, 15, 17, 17, 15, 16, 16, 9, 13, 13, 8, 10, 6, 8, 6, 8
Forage: 27, 23, 24, 19, 19, 24, 17, 18, 21, 20, 15, 9, 16, 21, 7, 11, 6, 10, 7, 7, 12
Forage: 21, 22, 20, 23, 17, 16, 18, 19, 15, 16, 16, 13, 10, 11, 11, 9, 10, 10, 10, 8, 13, 8, 9, 6, 4
Forage: 21, 24, 22, 24, 21, 23, 20, 17, 13, 16, 16, 18, 18, 14, 17, 17, 7, 8, 7, 7, 5
Forage: 13, 25, 17, 18, 18, 18, 15, 14, 14, 19, 22, 17, 14, 10, 13, 15, 12, 17, 12, 8, 9, 13
Forage: 22, 24, 22, 18, 26, 22, 17, 19, 17, 15, 14, 21, 18, 15, 11, 7, 12, 11, 11, 8, 7
Forage: 26, 21, 18, 16, 25, 12, 15, 18, 14, 18, 16, 18, 16, 15, 13, 10, 15, 15, 14, 9, 8
Forage: 23, 22, 23, 20, 22, 22, 20, 21, 14, 16, 14, 11, 14, 15, 16, 8, 13, 9, 8, 12, 8
Forage: 19, 19, 21, 22, 21, 20, 21, 22, 19, 12, 22, 12, 16, 18, 11, 13, 12, 12, 10, 11
Forage: 21, 19, 19, 20, 25, 19, 17, 21, 15, 23, 14, 13, 14, 8, 14, 15, 6, 12, 11, 9, 11, 7
Forage: 19, 20, 21, 15, 18, 20, 18, 21, 14, 16, 20, 15, 14, 17, 11, 11, 12, 13, 8, 6, 4, 6, 2, 6, 6
Forage: 21, 20, 24, 18, 20, 18, 18, 17, 13, 15, 20, 17, 16, 10, 9, 13, 12, 11, 12, 10, 12, 10
Forage: 21, 21, 25, 23, 21, 21, 21, 21, 13, 16, 20, 15, 9, 16, 11, 14, 14, 13, 8, 9
Forage: 23, 22, 18, 16, 19, 17, 18, 19, 13, 17, 23, 14, 18, 15, 14, 12, 19, 8, 8, 12, 3, 6
Forage: 22, 19, 20, 19, 19, 17, 19, 16, 20, 17, 11, 15, 17, 17, 14, 12, 12, 7, 11, 11, 4, 8, 10
Forage: 18, 20, 23, 20, 17, 19, 15, 17, 12, 15, 17, 14, 12, 7, 6, 14, 9, 8, 10, 11, 9, 10, 12, 7, 8, 7
Forage: 18, 26, 15, 27, 21, 23, 17, 19, 16, 20, 11, 11, 17, 15, 15, 14, 11, 13, 10, 11
Forage: 24, 19, 25, 19, 18, 20, 20, 19, 18, 19, 16, 11, 15, 14, 10, 9, 13, 8, 7, 11, 10, 10
Forage: 13, 17, 17, 25, 24, 26, 23, 16, 22, 15, 22, 19, 17, 6, 12, 10, 12, 11, 9, 14
Forage: 20, 26, 18, 27, 16, 16, 20, 18, 19, 18, 17, 16, 14, 13, 13, 10, 14, 14, 12, 12
Forage: 19, 19, 17, 23, 18, 19, 20, 16, 18, 16, 13, 13, 15, 16, 7, 12, 10, 10, 8, 12, 7, 8, 11, 9
Forage: 21, 30, 24, 24, 23, 19, 21, 18, 19, 18, 13, 8, 11, 16, 8, 5, 8, 7, 5, 8, 8, 7, 5, 6, 1, 3
Forage: 20, 20, 22, 24, 23, 19, 16, 18, 10, 18, 20, 13, 19, 16, 11, 13, 11, 9, 9, 9, 14
Forage: 17, 19, 19, 25, 18, 17, 19, 19, 21, 19, 13, 15, 17, 16, 14, 6, 14, 16, 11, 8, 7, 6
Forage: 18, 21, 18, 16, 21, 14, 15, 17, 14, 15, 14, 12, 11, 16, 9, 12, 13, 9, 13, 7, 10, 8, 11, 7, 8, 7
Forage: 25, 22, 22, 21, 20, 20, 22, 18, 21, 16, 11, 12, 18, 16, 10, 12, 9, 7, 7, 12, 11, 3
Forage: 21, 24, 21, 19, 22, 18, 18, 13, 16, 23, 14, 18, 15, 15, 16, 16, 12, 10, 9, 9
Forage: 20, 17, 17, 19, 15, 19, 24, 22, 20, 16, 13, 17, 14, 15, 13, 16, 18, 7, 7, 11, 13
Forage: 20, 25, 20, 21, 19, 22, 21, 18, 16, 15, 16, 10, 17, 16, 10, 14, 11, 13, 9, 11, 7
Forage: 20, 20, 19, 20, 19, 21, 24, 16, 19, 21, 17, 14, 15, 17, 9, 11, 10, 11, 6, 11, 5
Forage: 18, 21, 23, 24, 18, 21, 22, 17, 21, 16, 19, 9, 16, 14, 12, 8, 14, 10, 11, 5, 12
Forage: 22, 18, 27, 22, 17, 22, 15, 16, 18, 18, 16, 16, 12, 17, 13, 18, 18, 13, 3, 11
Forage: 21, 25, 27, 20, 23, 17, 15, 17, 18, 19, 14, 10, 14, 14, 13, 11, 15, 11, 5, 11, 10, 7
Forage: 22, 25, 21, 17, 23, 22, 19, 17, 23, 15, 19, 9, 10, 15, 8, 12, 7, 12, 11, 9, 8, 9
Forage: 27, 24, 20, 20, 20, 19, 21, 16, 16, 18, 17, 12, 12, 10, 14, 15, 14, 10, 9, 6, 8, 8
Forage: 16, 24, 16, 21, 21, 15, 23, 16, 15, 22, 23, 17, 19, 13, 12, 15, 11, 6, 7, 12, 11
Forage: 22, 22, 18, 17, 20, 22, 20, 20, 13, 14, 17, 19, 18, 10, 10, 8, 11, 9, 11, 7, 11, 11
Forage: 13, 26, 22, 22, 23, 21, 22, 19, 20, 15, 20, 15, 16, 18, 12, 11, 14, 12, 9, 6
Forage: 25, 20, 18, 18, 19, 22, 20, 16, 17, 15, 13, 15, 15, 15, 12, 14, 12, 10, 11, 7, 11, 8
Forage: 19, 17, 16, 20, 18, 15, 22, 16, 15, 11, 17, 19, 15, 9, 14, 11, 12, 11, 6, 10, 7, 10, 8, 7, 6, 6
Forage: 16, 23, 24, 25, 24, 22, 19, 22, 12, 12, 18, 20, 10, 13, 12, 8, 13, 14, 13, 8, 7
Forage: 19, 16, 23, 24, 20, 22, 15, 25, 22, 14, 14, 11, 15, 10, 9, 10, 13, 10, 17, 8, 9, 9
Forage: 17, 24, 22, 23, 25, 19, 18, 19, 16, 17, 18, 15, 16, 14, 7, 8, 15, 11, 8, 9, 10, 5
Forage: 18, 18, 20, 21, 16, 23, 21, 16, 20, 18, 15, 18, 20, 12, 15, 15, 13, 8, 9, 10, 6, 4
Forage: 17, 22, 19, 23, 18, 15, 14, 13, 18, 15, 19, 14, 11, 15, 9, 11, 14, 15, 13, 11, 9, 8, 8, 5
Forage: 25, 21, 23, 20, 19, 17, 18, 18, 17, 14, 17, 18, 13, 15, 15, 10, 5, 14, 5, 7, 11, 12
Forage: 14, 22, 19, 21, 19, 19, 16, 15, 20, 15, 14, 13, 17, 13, 12, 13, 14, 16, 12, 7, 10, 7, 6
Forage: 19, 19, 18, 22, 22, 18, 18, 23, 21, 16, 18, 16, 13, 14, 10, 10, 9, 13, 13, 10, 10, 5
Forage: 18, 24, 23, 22, 16, 19, 16, 16, 17, 15, 15, 13, 18, 13, 13, 11, 16, 11, 9, 9, 10, 11
Forage: 17, 20, 25, 24, 17, 14, 22, 16, 19, 16, 15, 13, 13, 17, 10, 15, 11, 9, 12, 12, 5, 8
Forage: 15, 23, 22, 24, 26, 21, 20, 23, 15, 17, 13, 15, 13, 13, 18, 13, 11, 7, 8, 6, 6
Forage: 18, 22, 22, 24, 24, 18, 16, 17, 21, 18, 23, 14, 13, 14, 17, 10, 10, 12, 7, 11
Forage: 16, 26, 19, 18, 19, 17, 20, 22, 16, 19, 17, 12, 18, 17, 12, 14, 11, 8, 15, 6, 5, 5
Forage: 12, 22, 21, 14, 22, 17, 19, 18, 15, 19, 18, 12, 17, 16, 13, 10, 8, 12, 10, 14, 6, 9, 6, 7
Forage: 22, 23, 24, 16, 19, 16, 17, 16, 16, 20, 14, 17, 13, 13, 8, 6, 12, 13, 16, 11, 7, 6, 5, 7
Forage: 18, 18, 20, 20, 19, 21, 20, 24, 19, 18, 15, 16, 12, 15, 11, 13, 10, 11, 8, 9, 8, 11
Forage: 22, 20, 23, 21, 21, 19, 16, 17, 22, 17, 18, 13, 12, 12, 11, 8, 12, 16, 13, 12, 6
Forage: 18, 24, 24, 21, 17, 21, 18, 21, 19, 16, 15, 15, 11, 12, 12, 10, 10, 12, 9, 8, 11, 6
Forage: 19, 28, 18, 22, 14, 23, 16, 17, 14, 21, 11, 17, 14, 13, 13, 14, 15, 7, 13, 5, 9, 3, 5, 6
Forage: 20, 26, 19, 22, 22, 19, 17, 11, 19, 19, 18, 18, 17, 16, 15, 13, 11, 11, 10, 8
Forage: 17, 19, 21, 19, 11, 19, 18, 13, 14, 14, 14, 10, 14, 11, 10, 9, 8, 11, 13, 11, 14, 8, 5, 6, 5, 5, 10, 6
Forage: 15, 23, 20, 21, 20, 21, 19, 23, 16, 13, 15, 15, 17, 15, 11, 11, 10, 12, 8, 6, 14, 6
Forage: 18, 27, 22, 23, 23, 23, 18, 24, 20, 18, 16, 16, 12, 11, 18, 8, 12, 16, 7
Forage: 18, 20, 18, 19, 17, 17, 16, 14, 15, 13, 13, 17, 16, 19, 8, 14, 11, 13, 13, 9, 11, 17, 7
Forage: 21, 22, 23, 18, 23, 23, 15, 17, 18, 18, 21, 15, 13, 12, 16, 14, 15, 8, 9, 10
Forage: 19, 22, 24, 23, 20, 22, 20, 22, 18, 19, 20, 18, 15, 16, 10, 9, 12, 13, 8, 7
Forage: 18, 25, 27, 19, 21, 20, 19, 18, 17, 24, 18, 15, 16, 14, 12, 14, 8, 13, 9
Forage: 24, 21, 21, 22, 22, 14, 17, 17, 17, 16, 16, 17, 16, 16, 15, 9, 11, 11, 5, 8, 13, 7
Forage: 22, 23, 18, 19, 20, 20, 16, 20, 24, 12, 16, 13, 16, 16, 12, 12, 12, 10, 9, 7, 6, 7
Forage: 17, 18, 24, 21, 21, 14, 22, 16, 15, 17, 15, 16, 10, 10, 10, 12, 10, 12, 11, 12, 8, 11, 6
Forage: 14, 21, 24, 22, 21, 19, 18, 16, 20, 21, 19, 11, 15, 14, 13, 14, 14, 11, 6, 9, 11
Forage: 18, 22, 23, 18, 21, 22, 14, 19, 22, 22, 19, 17, 11, 10, 11, 13, 8, 10, 11, 7, 10, 7
Forage: 14, 27, 25, 19, 17, 20, 17, 17, 15, 18, 14, 18, 20, 14, 15, 7, 14, 14, 12, 15, 4
Forage: 17, 24, 21, 24, 19, 21, 17, 16, 16, 16, 15, 19, 17, 16, 13, 16, 15, 11, 7, 8, 4
Forage: 22, 23, 20, 21, 25, 17, 21, 13, 18, 15, 16, 22, 16, 14, 14, 14, 10, 10, 8, 9, 6
Forage: 15, 27, 24, 23, 18, 20, 21, 16, 16, 23, 13, 11, 15, 10, 14, 10, 6, 12, 6, 9, 7, 8, 8
Forage: 19, 22, 21, 25, 18, 19, 25, 15, 17, 15, 18, 15, 13, 16, 10, 11, 15, 5, 5, 8, 8, 7, 9
Forage: 21, 28, 23, 15, 15, 19, 17, 13, 13, 12, 19, 12, 16, 20, 13, 11, 12, 17, 11, 7, 4, 5, 7
Forage: 24, 23, 21, 23, 22, 17, 20, 15, 15, 17, 20, 15, 21, 11, 13, 15, 13, 11, 11, 6
Forage: 11, 21, 21, 24, 18, 23, 16, 19, 17, 18, 17, 20, 12, 10, 11, 12, 13, 16, 11, 8, 9, 10
Forage: 14, 23, 24, 21, 22, 18, 17, 12, 19, 18, 13, 15, 17, 12, 15, 14, 14, 6, 12, 6, 8, 9, 8
Forage: 16, 20, 21, 27, 17, 20, 22, 17, 12, 20, 18, 17, 15, 14, 12, 19, 11, 10, 10, 12
Forage: 21, 22, 23, 17, 17, 17, 17, 22, 19, 21, 17, 16, 13, 14, 17, 7, 7, 7, 8, 5, 2, 9, 9, 7
Forage: 20, 16, 21, 22, 21, 19, 15, 19, 19, 22, 14, 17, 17, 10, 10, 12, 9, 10, 14, 8, 13
Forage: 25, 27, 24, 19, 23, 25, 19, 21, 14, 16, 15, 10, 13, 8, 12, 10, 17, 9, 14, 6, 8
Forage: 20, 20, 17, 20, 20, 21, 13, 17, 17, 15, 18, 12, 13, 13, 14, 13, 14, 13, 11, 6, 13, 6, 4, 4
Forage: 18, 18, 22, 23, 10, 23, 14, 20, 10, 16, 20, 16, 14, 13, 15, 14, 13, 14, 18, 12, 8
Forage: 16, 23, 26, 19, 19, 20, 19, 19, 18, 22, 15, 19, 16, 12, 15, 13, 13, 10, 10, 6, 5
Forage: 23, 25, 19, 17, 15, 15, 15, 15, 23, 17, 15, 11, 17, 14, 20, 11, 12, 7, 9, 6, 10, 9, 6, 4
Forage: 21, 26, 22, 18, 18, 18, 18, 16, 18, 16, 19, 14, 19, 10, 7, 7, 12, 10, 10, 7, 3, 8, 7, 7
Forage: 20, 29, 18, 26, 23, 17, 20, 18, 20, 17, 16, 16, 8, 9, 12, 11, 7, 8, 10, 8, 8, 9, 6
Forage: 20, 23, 23, 22, 20, 24, 20, 12, 18, 12, 15, 8, 12, 13, 11, 15, 13, 13, 12, 12, 9, 8
Forage: 26, 22, 23, 22, 21, 13, 18, 18, 20, 14, 18, 13, 14, 17, 14, 13, 16, 9, 12, 9, 5
Forage: 17, 20, 15, 17, 22, 17, 19, 18, 14, 19, 20, 16, 14, 19, 14, 15, 13, 14, 11, 13, 10
Forage: 19, 24, 21, 21, 23, 17, 21, 18, 24, 20, 20, 17, 15, 11, 12, 11, 10, 15, 10, 6
Forage: 16, 18, 19, 21, 22, 19, 25, 17, 12, 18, 18, 22, 15, 16, 12, 10, 14, 7, 7, 4, 8, 9, 6
Forage: 23, 23, 18, 18, 19, 23, 18, 16, 18, 15, 18, 13, 17, 14, 10, 15, 6, 7, 5, 9, 11, 8, 9
Forage: 20, 23, 15, 15, 17, 15, 21, 17, 13, 14, 19, 13, 19, 9, 11, 16, 15, 13, 12, 10, 10, 8, 7
