Forage: 24, 27, 25, 27, 21, 18, 17, 18, 21, 14, 12, 19, 17, 14, 21, 19, 15
Forage: 25, 32, 27, 20, 20, 16, 22, 16, 19, 18, 16, 14, 17, 21, 8, 15, 9, 9, 13
Forage: 19, 18, 28, 21, 21, 24, 21, 21, 15, 16, 12, 14, 21, 13, 12, 10, 16, 13, 10, 9
Forage: 22, 28, 23, 20, 23, 24, 21, 19, 17, 14, 16, 12, 14, 16, 18, 18, 10, 14
Forage: 18, 24, 21, 23, 21, 17, 18, 21, 21, 21, 15, 23, 10, 13, 11, 13, 9, 10, 8, 12, 3
Forage: 24, 24, 20, 22, 25, 20, 24, 19, 20, 16, 20, 18, 14, 17, 8, 15, 14, 8, 9
Forage: 22, 27, 24, 21, 28, 24, 26, 18, 17, 14, 14, 19, 16, 15, 13, 15, 15
Forage: 25, 27, 21, 24, 23, 15, 21, 18, 18, 14, 17, 14, 16, 13, 15, 12, 10, 14, 12
Forage: 22, 24, 21, 26, 21, 19, 24, 21, 23, 14, 17, 18, 13, 17, 18, 12, 14, 5
Forage: 21, 19, 25, 27, 22, 24, 16, 18, 14, 18, 20, 15, 9, 19, 13, 12, 16, 14, 10
Forage: 21, 21, 26, 23, 17, 19, 21, 17, 22, 21, 13, 13, 17, 20, 20, 18, 9, 9
Forage: 18, 24, 18, 19, 18, 19, 26, 14, 18, 15, 19, 18, 17, 14, 18, 14, 20, 18, 10
Forage: 24, 23, 29, 22, 21, 26, 24, 23, 21, 19, 17, 19, 15, 10, 9, 10, 12, 8
Forage: 18, 21, 26, 20, 20, 19, 21, 19, 15, 21, 14, 20, 22, 15, 15, 11, 9, 13, 9
Forage: 29, 24, 30, 22, 20, 18, 21, 20, 21, 20, 16, 16, 11, 12, 14, 11, 11, 5, 13
Forage: 27, 25, 24, 22, 25, 21, 23, 18, 15, 16, 23, 18, 9, 19, 14, 13, 12, 12
Forage: 21, 24, 24, 22, 16, 19, 23, 21, 23, 20, 16, 19, 15, 12, 10, 12, 9, 15, 7
Forage: 23, 28, 20, 19, 23, 21, 22, 24, 20, 19, 20, 17, 17, 13, 13, 14, 8, 12
Forage: 19, 22, 21, 22, 26, 20, 22, 15, 17, 14, 18, 16, 16, 16, 19, 16, 13, 11, 7
Forage: 17, 22, 27, 20, 20, 20, 24, 22, 23, 21, 17, 14, 17, 17, 18, 13, 10, 12
Forage: 20, 25, 27, 19, 19, 27, 15, 18, 18, 15, 18, 17, 14, 15, 17, 8, 14, 12, 13
Forage: 18, 24, 23, 24, 26, 24, 22, 18, 14, 19, 14, 18, 11, 19, 15, 12, 6, 7, 10, 11
Forage: 26, 23, 22, 22, 27, 24, 21, 20, 18, 14, 14, 15, 20, 12, 12, 11, 12, 14, 9
Forage: 25, 24, 29, 19, 20, 18, 20, 17, 15, 18, 17, 15, 14, 15, 14, 11, 10, 17, 19
Forage: 25, 20, 29, 25, 20, 22, 25, 21, 16, 17, 15, 20, 14, 12, 13, 12, 14, 10
Forage: 18, 24, 23, 22, 22, 25, 21, 24, 20, 16, 24, 17, 23, 19, 11, 13, 9
Forage: 20, 23, 27, 24, 24, 22, 22, 17, 16, 24, 17, 16, 16, 13, 14, 10, 12, 7, 11
Forage: 21, 23, 27, 25, 15, 22, 19, 18, 16, 19, 15, 18, 12, 16, 16, 12, 11, 13, 5, 6, 7
Forage: 18, 24, 20, 21, 23, 19, 21, 19, 17, 23, 19, 15, 15, 20, 14, 10, 15, 6, 9
Forage: 23, 22, 29, 20, 21, 18, 23, 19, 15, 18, 19, 14, 14, 9, 15, 14, 10, 12, 8, 10
Forage: 18, 17, 25, 17, 23, 23, 20, 23, 20, 18, 13, 22, 19, 15, 13, 10, 13, 16
Forage: 18, 15, 25, 21, 18, 18, 11, 23, 17, 18, 17, 22, 16, 13, 24, 19, 12, 16, 10
Forage: 22, 21, 20, 24, 24, 25, 23, 19, 22, 16, 16, 13, 12, 13, 13, 12, 10, 11, 15, 6
Forage: 28, 28, 25, 20, 23, 18, 23, 14, 24, 15, 19, 19, 15, 15, 10, 14, 12, 7
Forage: 21, 22, 28, 28, 21, 22, 14, 17, 19, 18, 18, 23, 15, 18, 14, 10, 8, 12
Forage: 24, 26, 24, 26, 19, 16, 18, 15, 23, 15, 17, 18, 16, 16, 12, 11, 15, 7, 7, 11
Forage: 16, 23, 29, 29, 22, 22, 20, 22, 20, 20, 22, 19, 19, 11, 15, 14, 8
Forage: 21, 17, 22, 24, 20, 18, 19, 19, 12, 15, 16, 16, 15, 19, 16, 17, 11, 10, 17, 11
Forage: 20, 18, 29, 26, 24, 21, 16, 23, 23, 14, 18, 16, 20, 16, 21, 15, 14
Forage: 24, 23, 22, 21, 18, 13, 22, 22, 20, 21, 11, 23, 20, 13, 19, 13, 14, 10
Forage: 24, 23, 17, 23, 20, 24, 18, 12, 25, 21, 26, 20, 11, 12, 17, 8, 13, 8, 13
Forage: 26, 22, 17, 21, 20, 29, 19, 24, 22, 20, 20, 22, 19, 18, 14, 12, 9
Forage: 17, 22, 25, 22, 22, 20, 24, 25, 16, 19, 22, 15, 12, 15, 12, 13, 13, 7, 10
Forage: 24, 22, 29, 23, 25, 19, 20, 20, 22, 24, 18, 18, 14, 11, 13, 12, 6, 10
Forage: 21, 26, 24, 27, 30, 19, 22, 20, 16, 13, 15, 21, 13, 13, 13, 13, 15, 5, 11
Forage: 19, 23, 27, 14, 20, 20, 23, 19, 18, 16, 20, 15, 13, 13, 14, 10, 15, 13, 17
Forage: 21, 23, 32, 18, 19, 22, 20, 26, 22, 18, 17, 19, 16, 17, 18, 13, 11
Forage: 23, 19, 21, 25, 24, 18, 22, 16, 21, 18, 21, 16, 16, 14, 12, 18, 14, 14
Forage: 22, 27, 32, 23, 22, 15, 28, 15, 20, 20, 10, 16, 12, 12, 13, 13, 12, 10, 15
Forage: 19, 28, 20, 25, 23, 25, 20, 20, 19, 17, 17, 22, 10, 17, 14, 10, 12, 10, 8
