Forage: 20, 19, 18, 16, 15, 20, 17, 13, 17, 16, 18, 16, 11, 16, 12, 14, 11, 13, 14, 7, 15, 8, 10
Forage: 19, 17, 19, 16, 13, 21, 13, 14, 13, 16, 10, 15, 16, 18, 13, 12, 12, 13, 11, 13, 12, 6, 13, 11
Forage: 14, 20, 16, 19, 15, 21, 15, 19, 17, 14, 12, 16, 14, 11, 15, 10, 16, 11, 15, 12, 12, 9, 7, 7
Forage: 17, 15, 15, 19, 14, 16, 18, 16, 15, 16, 12, 16, 11, 15, 15, 15, 15, 11, 14, 10, 13, 10, 10, 8
Forage: 14, 24, 20, 18, 22, 13, 22, 18, 13, 17, 18, 12, 14, 16, 16, 14, 12, 12, 14, 10, 13
Forage: 19, 14, 21, 17, 14, 18, 12, 19, 12, 15, 13, 14, 9, 15, 9, 15, 17, 12, 10, 12, 13, 8, 12, 5
Forage: 11, 22, 16, 18, 19, 16, 13, 13, 14, 12, 18, 14, 16, 16, 17, 8, 15, 15, 10, 12, 11, 12, 8, 8
Forage: 12, 24, 17, 15, 15, 14, 11, 20, 11, 16, 14, 17, 14, 15, 11, 13, 14, 8, 16, 7, 9, 9, 9, 9, 7
Forage: 14, 21, 17, 16, 24, 19, 18, 20, 16, 13, 19, 14, 14, 10, 13, 10, 14, 8, 12, 11, 13, 8, 7, 6
Forage: 15, 21, 17, 14, 10, 15, 13, 15, 11, 11, 17, 14, 15, 15, 16, 15, 6, 17, 16, 13, 11, 9, 11, 8, 10
Forage: 15, 22, 24, 19, 18, 15, 15, 20, 13, 20, 13, 13, 14, 19, 14, 10, 15, 13, 12, 10, 12
Forage: 16, 18, 14, 12, 14, 17, 19, 12, 19, 15, 14, 16, 15, 11, 13, 16, 10, 13, 13, 7, 10, 11, 16, 12
Forage: 16, 21, 17, 18, 17, 18, 14, 17, 15, 12, 14, 16, 14, 14, 14, 13, 12, 11, 13, 12, 9, 8, 8, 9
Forage: 14, 19, 15, 15, 14, 15, 16, 14, 14, 13, 17, 13, 12, 15, 9, 16, 10, 13, 12, 12, 10, 10, 13, 9, 11
Forage: 15, 19, 18, 18, 17, 13, 16, 16, 16, 13, 20, 11, 13, 14, 17, 10, 13, 16, 11, 12, 9, 13, 11
Forage: 16, 18, 16, 19, 16, 13, 15, 17, 11, 13, 13, 8, 15, 11, 20, 13, 13, 12, 17, 12, 12, 11, 7, 9, 10
Forage: 20, 17, 19, 16, 14, 17, 14, 13, 19, 17, 15, 12, 17, 15, 10, 15, 13, 13, 13, 14, 15, 7, 11
Forage: 15, 19, 21, 16, 16, 14, 19, 20, 15, 13, 14, 15, 14, 20, 13, 12, 12, 11, 15, 10, 7, 15, 7
Forage: 17, 16, 21, 16, 20, 19, 14, 18, 16, 12, 15, 12, 16, 12, 11, 9, 14, 14, 9, 15, 12, 7, 12, 8
Forage: 17, 16, 17, 16, 19, 14, 15, 14, 17, 12, 15, 11, 17, 14, 13, 14, 11, 12, 14, 8, 13, 11, 10, 12
Forage: 14, 22, 21, 18, 13, 18, 17, 16, 16, 9, 17, 14, 17, 10, 18, 12, 9, 12, 10, 15, 8, 9, 11, 10
Forage: 20, 11, 22, 19, 14, 18, 13, 18, 17, 14, 16, 15, 14, 12, 15, 14, 10, 11, 14, 9, 12, 9, 12
Forage: 20, 19, 17, 24, 20, 20, 15, 14, 15, 12, 16, 16, 14, 10, 16, 11, 18, 11, 12, 13, 11, 11
Forage: 11, 22, 19, 18, 18, 20, 16, 16, 17, 20, 9, 15, 13, 20, 9, 13, 15, 8, 13, 9, 12, 6, 12
Forage: 18, 15, 15, 19, 14, 18, 16, 17, 10, 20, 17, 15, 9, 19, 15, 14, 10, 14, 13, 10, 9, 9, 8, 9
Forage: 19, 17, 15, 18, 18, 15, 13, 17, 17, 12, 19, 14, 13, 15, 9, 15, 11, 13, 12, 13, 10, 9, 7, 11
Forage: 20, 17, 18, 16, 15, 15, 19, 12, 15, 13, 15, 14, 11, 11, 13, 16, 11, 14, 9, 17, 9, 12, 8, 8
Forage: 21, 14, 19, 15, 18, 22, 14, 18, 13, 19, 14, 16, 17, 11, 16, 12, 15, 12, 7, 13, 14, 4, 12
Forage: 17, 21, 18, 18, 16, 16, 17, 17, 12, 23, 10, 17, 11, 19, 13, 13, 12, 13, 10, 11, 9, 8, 10
Forage: 19, 16, 13, 25, 14, 16, 22, 15, 16, 17, 8, 15, 13, 16, 13, 12, 14, 14, 12, 7, 7, 13, 11
Forage: 18, 16, 22, 15, 17, 16, 18, 17, 19, 18, 11, 15, 15, 14, 12, 16, 11, 16, 8, 9, 9, 8, 12
Forage: 13, 20, 19, 17, 17, 15, 23, 12, 16, 11, 17, 13, 13, 12, 14, 12, 14, 11, 16, 6, 10, 16, 8, 9
Forage: 13, 19, 15, 12, 16, 20, 11, 20, 14, 12, 12, 17, 15, 11, 14, 8, 16, 9, 12, 12, 11, 10, 9, 11, 8, 6
Forage: 14, 20, 18, 18, 17, 20, 16, 14, 15, 16, 18, 15, 10, 13, 12, 11, 14, 11, 9, 9, 11, 10, 7, 7, 9
Forage: 16, 22, 18, 15, 18, 15, 18, 12, 15, 18, 13, 14, 15, 16, 14, 9, 10, 9, 15, 9, 10, 9, 11, 12
Forage: 17, 23, 14, 21, 17, 19, 13, 19, 14, 15, 14, 18, 15, 12, 12, 11, 17, 12, 8, 15, 7, 10, 7
Forage: 17, 15, 22, 17, 16, 17, 20, 12, 17, 15, 19, 13, 16, 8, 17, 14, 16, 14, 11, 14, 9, 9, 6
Forage: 14, 24, 18, 20, 20, 20, 18, 13, 16, 16, 14, 18, 12, 16, 12, 15, 12, 13, 15, 10, 14, 6
Forage: 21, 17, 18, 16, 19, 15, 14, 21, 15, 18, 17, 20, 12, 12, 14, 12, 15, 15, 9, 8, 8, 14
Forage: 17, 18, 20, 14, 21, 15, 18, 15, 14, 17, 17, 19, 14, 12, 15, 14, 14, 12, 14, 15, 8, 9
Forage: 17, 20, 15, 17, 18, 19, 12, 18, 22, 13, 16, 17, 11, 18, 16, 15, 11, 11, 12, 11, 13, 8
Forage: 18, 22, 23, 17, 19, 16, 19, 15, 14, 14, 18, 10, 19, 6, 15, 10, 12, 15, 13, 15, 11, 9
Forage: 17, 21, 15, 16, 19, 17, 15, 10, 16, 15, 15, 13, 12, 18, 9, 15, 11, 14, 16, 12, 13, 6, 14
Forage: 18, 18, 15, 17, 14, 19, 15, 16, 16, 15, 12, 17, 11, 12, 11, 18, 9, 18, 10, 16, 12, 11, 9, 8
Forage: 21, 17, 16, 21, 16, 15, 22, 15, 12, 16, 14, 15, 12, 17, 10, 13, 13, 12, 10, 13, 10, 9, 9, 9
Forage: 16, 22, 16, 19, 22, 16, 16, 17, 13, 16, 19, 12, 18, 13, 13, 16, 15, 9, 12, 10, 12, 11
Forage: 12, 22, 21, 18, 20, 19, 12, 16, 16, 19, 15, 15, 17, 16, 15, 13, 10, 15, 14, 12, 11
Forage: 14, 23, 19, 19, 16, 15, 15, 17, 17, 12, 15, 14, 15, 13, 15, 10, 11, 10, 16, 5, 11, 6, 9, 15
Forage: 17, 19, 15, 18, 23, 18, 18, 13, 15, 19, 17, 15, 12, 15, 13, 11, 15, 14, 12, 8, 12, 10
Forage: 16, 20, 17, 20, 21, 16, 19, 18, 21, 20, 12, 15, 13, 13, 16, 15, 14, 11, 14, 12, 8
Forage: 14, 17, 21, 15, 19, 20, 16, 19, 16, 17, 15, 18, 12, 14, 16, 12, 14, 10, 14, 9, 9, 11, 6
Forage: 13, 14, 17, 19, 14, 21, 18, 19, 13, 14, 15, 14, 10, 15, 12, 11, 13, 15, 12, 12, 10, 13, 11, 7
Forage: 21, 20, 17, 18, 19, 15, 19, 20, 16, 14, 16, 12, 19, 14, 12, 10, 8, 16, 8, 8, 14, 11, 9
Forage: 19, 18, 19, 17, 20, 15, 20, 14, 19, 14, 17, 13, 14, 13, 17, 12, 13, 14, 11, 13, 13, 9
Forage: 14, 19, 18, 15, 21, 16, 16, 17, 16, 21, 17, 16, 18, 16, 15, 11, 14, 13, 9, 9, 10, 7, 5
Forage: 17, 20, 17, 18, 16, 18, 15, 13, 14, 13, 14, 14, 15, 11, 20, 17, 11, 12, 15, 9, 11, 11, 10
Forage: 18, 15, 21, 16, 23, 16, 15, 19, 14, 12, 17, 14, 14, 18, 18, 15, 16, 9, 12, 8, 12, 6
Forage: 16, 18, 19, 17, 17, 18, 15, 21, 12, 19, 12, 16, 16, 11, 13, 16, 11, 16, 13, 13, 10, 12
Forage: 18, 20, 18, 15, 20, 12, 19, 15, 12, 19, 13, 16, 17, 13, 11, 12, 10, 12, 14, 10, 10, 10, 6, 11, 4
Forage: 20, 15, 18, 14, 19, 18, 18, 17, 16, 15, 12, 20, 14, 14, 15, 11, 11, 15, 10, 10, 14, 8, 13
Forage: 19, 14, 16, 17, 16, 13, 15, 17, 18, 12, 18, 17, 14, 12, 15, 15, 12, 14, 12, 10, 14, 11, 8
Forage: 18, 14, 14, 20, 17, 20, 18, 14, 16, 17, 13, 11, 16, 11, 17, 10, 18, 9, 11, 7, 13, 11, 13, 9
Forage: 18, 19, 19, 16, 19, 19, 18, 16, 15, 18, 13, 12, 15, 14, 14, 14, 9, 9, 10, 15, 9, 11, 9
Forage: 16, 18, 20, 21, 16, 20, 20, 16, 14, 14, 15, 14, 15, 13, 14, 11, 12, 14, 10, 13, 11, 10, 8
Forage: 17, 21, 17, 20, 17, 19, 12, 12, 9, 13, 15, 16, 15, 16, 18, 9, 14, 16, 11, 8, 9, 11, 10, 11
Forage: 13, 23, 16, 15, 21, 14, 14, 15, 14, 16, 16, 14, 17, 13, 10, 14, 12, 13, 11, 10, 8, 10, 10, 8, 10
Forage: 15, 23, 14, 19, 19, 14, 16, 20, 14, 15, 12, 18, 13, 14, 15, 11, 13, 17, 10, 9, 9, 8, 8, 5
Forage: 20, 17, 16, 21, 22, 17, 18, 14, 16, 14, 16, 17, 11, 15, 10, 14, 12, 9, 12, 9, 9, 10, 7, 9
Forage: 18, 15, 18, 15, 21, 16, 15, 10, 16, 19, 9, 18, 14, 15, 16, 13, 13, 10, 11, 14, 8, 9, 8, 9
Forage: 19, 19, 12, 10, 16, 14, 9, 14, 18, 19, 13, 17, 9, 14, 12, 13, 14, 12, 15, 8, 10, 12, 10, 12, 8, 7
Forage: 19, 15, 18, 24, 14, 15, 15, 18, 16, 20, 11, 16, 13, 15, 14, 18, 10, 17, 13, 13, 11, 8
Forage: 13, 19, 15, 21, 17, 20, 15, 19, 18, 19, 16, 14, 14, 13, 18, 6, 15, 13, 8, 13, 11, 6, 13
Forage: 13, 18, 19, 19, 13, 15, 15, 15, 15, 20, 14, 14, 11, 19, 13, 16, 16, 12, 13, 9, 7, 14, 5, 9
Forage: 16, 20, 17, 16, 18, 18, 17, 16, 18, 17, 16, 16, 17, 10, 14, 11, 12, 9, 10, 13, 10, 7, 12
Forage: 16, 24, 17, 20, 16, 16, 18, 12, 17, 16, 15, 12, 14, 14, 11, 18, 9, 12, 16, 10, 11, 11, 7
Forage: 19, 19, 24, 24, 22, 18, 19, 16, 17, 19, 18, 13, 14, 14, 13, 12, 14, 7, 13, 6, 5, 8
Forage: 19, 22, 16, 19, 12, 17, 16, 21, 12, 18, 17, 18, 15, 11, 18, 9, 18, 12, 10, 13, 12, 10
Forage: 20, 20, 14, 16, 19, 13, 18, 14, 16, 14, 14, 13, 14, 22, 11, 13, 12, 9, 14, 13, 11, 14, 8
Forage: 20, 16, 19, 22, 17, 16, 17, 17, 17, 18, 14, 15, 13, 14, 16, 13, 13, 14, 12, 10, 12, 12
Forage: 14, 22, 16, 19, 15, 21, 18, 16, 16, 18, 11, 14, 9, 11, 16, 10, 12, 10, 9, 9, 12, 5, 9, 12, 6
Forage: 20, 17, 18, 20, 16, 16, 19, 17, 16, 16, 14, 16, 16, 11, 12, 13, 16, 18, 3, 11, 9, 9, 9
Forage: 18, 23, 23, 18, 16, 16, 23, 15, 17, 11, 14, 14, 11, 13, 15, 12, 15, 11, 12, 10, 10, 9, 6, 5
Forage: 23, 24, 16, 17, 16, 16, 18, 16, 17, 18, 17, 16, 12, 14, 13, 17, 9, 14, 13, 10, 3, 10
Forage: 15, 20, 13, 21, 18, 19, 18, 11, 17, 13, 13, 14, 14, 15, 15, 13, 14, 13, 14, 12, 13, 5, 11
Forage: 14, 24, 19, 19, 16, 17, 13, 19, 15, 16, 10, 12, 10, 16, 13, 11, 16, 10, 11, 14, 8, 11, 12, 10
Forage: 13, 20, 17, 17, 19, 16, 16, 15, 17, 15, 16, 11, 16, 15, 12, 10, 14, 11, 10, 13, 11, 12, 10, 7
Forage: 18, 15, 16, 10, 8, 12, 6, 10, 11, 24, 15, 19, 12, 13, 15, 13, 14, 12, 10, 16, 13, 16, 9, 9, 11, 10
Forage: 14, 21, 19, 20, 17, 17, 11, 16, 18, 15, 21, 13, 15, 11, 14, 14, 12, 9, 11, 9, 11, 15, 8
Forage: 13, 19, 23, 18, 19, 20, 19, 16, 22, 15, 15, 15, 10, 15, 18, 13, 10, 15, 11, 13, 8
Forage: 18, 21, 19, 16, 13, 20, 17, 17, 17, 17, 12, 15, 13, 13, 12, 16, 10, 13, 14, 9, 7, 14, 8
Forage: 13, 20, 21, 13, 22, 16, 17, 15, 18, 16, 18, 13, 10, 15, 13, 10, 16, 12, 10, 11, 12, 6, 9, 11
Forage: 19, 15, 18, 16, 17, 19, 16, 16, 17, 16, 12, 15, 8, 14, 15, 10, 10, 15, 12, 9, 10, 9, 12, 11
Forage: 14, 18, 17, 15, 21, 21, 12, 19, 14, 13, 20, 16, 17, 11, 15, 13, 11, 11, 16, 9, 8, 7, 10, 6
Forage: 15, 19, 15, 21, 19, 13, 17, 17, 14, 15, 17, 14, 12, 15, 12, 10, 13, 11, 13, 11, 11, 13, 8
Forage: 16, 23, 13, 20, 15, 15, 17, 17, 20, 13, 13, 14, 14, 15, 9, 14, 17, 10, 10, 16, 10, 6, 7, 9
Forage: 18, 19, 17, 20, 17, 15, 14, 14, 17, 10, 19, 11, 17, 14, 11, 11, 13, 11, 13, 7, 16, 11, 9, 10
Forage: 15, 20, 16, 17, 15, 16, 11, 16, 19, 16, 12, 20, 11, 15, 14, 16, 13, 10, 10, 14, 7, 12, 9, 11
Forage: 17, 18, 10, 14, 6, 13, 14, 14, 15, 13, 11, 15, 10, 15, 13, 14, 13, 13, 16, 12, 15, 13, 8, 16, 11
Forage: 17, 21, 15, 19, 20, 16, 13, 18, 13, 16, 17, 15, 16, 16, 14, 17, 8, 17, 16, 6, 11, 7, 7
Forage: 17, 21, 18, 18, 18, 16, 19, 14, 19, 13, 18, 18, 16, 16, 9, 13, 10, 10, 8, 12, 10, 2, 7, 5, 6, 4
