Forage: 30, 26, 24, 24, 17, 22, 24, 18, 18, 22, 20, 22, 10, 13, 11, 8, 7, 11, 9
Forage: 24, 17, 23, 25, 24, 25, 25, 25, 24, 15, 18, 18, 17, 19, 10, 11, 11
Forage: 26, 27, 18, 30, 26, 20, 24, 21, 20, 20, 19, 14, 14, 17, 15, 9, 8
Forage: 25, 25, 23, 23, 19, 20, 22, 23, 19, 14, 17, 13, 17, 12, 12, 12, 11, 10, 6, 11
Forage: 25, 26, 30, 23, 30, 24, 22, 21, 24, 15, 26, 17, 13, 15, 12, 13
Forage: 27, 26, 25, 24, 23, 23, 27, 25, 16, 19, 22, 17, 13, 14, 6, 7, 4, 11, 7
Forage: 26, 26, 25, 23, 18, 21, 23, 21, 20, 17, 17, 13, 14, 11, 17, 13, 9, 5, 13
Forage: 24, 28, 24, 23, 24, 24, 24, 19, 19, 20, 21, 16, 16, 16, 11, 12, 7
Forage: 24, 23, 27, 25, 21, 22, 22, 22, 17, 13, 24, 14, 19, 13, 17, 16, 7
Forage: 25, 29, 24, 26, 24, 24, 22, 22, 23, 16, 19, 18, 12, 15, 11, 15, 8
Forage: 25, 25, 26, 27, 21, 22, 15, 23, 21, 21, 19, 13, 18, 10, 16, 12, 10, 8
Forage: 25, 28, 24, 23, 21, 19, 23, 22, 15, 17, 14, 17, 16, 17, 17, 10, 7, 10, 9
Forage: 20, 30, 28, 21, 25, 23, 21, 17, 20, 19, 17, 17, 15, 18, 13, 11, 10, 7, 4
Forage: 22, 24, 20, 23, 24, 21, 24, 18, 20, 18, 14, 18, 15, 17, 17, 14, 10, 14
Forage: 22, 28, 25, 23, 23, 22, 20, 22, 16, 23, 21, 20, 17, 15, 13, 10, 13
Forage: 20, 28, 24, 23, 21, 25, 19, 21, 20, 17, 18, 17, 15, 12, 16, 15, 8, 11
Forage: 23, 26, 27, 25, 26, 25, 22, 17, 17, 21, 20, 16, 16, 14, 13, 15, 11
Forage: 24, 29, 26, 26, 29, 20, 20, 22, 20, 18, 16, 15, 13, 19, 8, 14, 14
Forage: 20, 24, 28, 17, 18, 25, 20, 18, 20, 18, 21, 14, 17, 5, 16, 10, 13, 14, 11
Forage: 23, 29, 33, 27, 22, 18, 25, 17, 19, 20, 27, 22, 16, 15, 20
Forage: 24, 25, 18, 24, 17, 23, 15, 22, 18, 21, 20, 19, 16, 10, 19, 13, 16, 13
Forage: 29, 30, 27, 24, 26, 24, 21, 20, 17, 22, 18, 15, 12, 13, 15, 9, 11
Forage: 27, 27, 31, 29, 28, 22, 18, 20, 19, 15, 21, 11, 17, 13, 17, 12, 10
Forage: 24, 25, 29, 24, 27, 26, 22, 22, 21, 20, 17, 16, 14, 14, 10, 12, 11
Forage: 27, 27, 28, 28, 22, 25, 27, 23, 14, 19, 24, 19, 11, 16, 12, 8, 7
Forage: 25, 29, 24, 28, 25, 23, 24, 22, 22, 12, 13, 16, 23, 12, 17, 10, 10
Forage: 24, 29, 28, 23, 22, 24, 20, 21, 18, 14, 24, 15, 12, 17, 15, 11, 11
Forage: 20, 28, 25, 23, 23, 23, 21, 17, 20, 20, 18, 20, 19, 18, 13, 10, 10
Forage: 22, 23, 28, 22, 25, 25, 22, 20, 21, 18, 17, 16, 12, 11, 13, 12, 10, 10, 7
Forage: 27, 27, 24, 22, 24, 18, 19, 23, 17, 15, 12, 17, 13, 11, 13, 9, 13, 12, 9, 8
Forage: 22, 25, 23, 22, 29, 20, 25, 23, 23, 22, 13, 14, 14, 11, 17, 16, 13
Forage: 24, 26, 30, 29, 24, 20, 20, 25, 20, 18, 19, 15, 16, 14, 16, 9, 6
Forage: 26, 28, 30, 31, 23, 22, 21, 21, 16, 17, 21, 11, 15, 15, 14, 13
Forage: 29, 30, 26, 26, 29, 16, 17, 21, 20, 17, 16, 14, 11, 17, 13, 10, 8, 9
Forage: 27, 27, 27, 23, 23, 20, 24, 26, 22, 18, 13, 14, 15, 13, 13, 14, 9, 7
Forage: 26, 27, 27, 26, 22, 17, 23, 15, 13, 19, 21, 20, 15, 11, 17, 18, 18
Forage: 26, 23, 31, 24, 21, 20, 24, 24, 17, 19, 19, 17, 12, 17, 12, 13, 9, 7
Forage: 21, 24, 20, 24, 18, 20, 20, 24, 20, 23, 14, 15, 16, 17, 10, 10, 12, 7, 4, 7
Forage: 25, 30, 28, 25, 23, 26, 20, 17, 23, 18, 17, 21, 17, 11, 14, 13
Forage: 19, 32, 25, 25, 23, 21, 24, 21, 21, 16, 19, 14, 13, 8, 13, 14, 11, 10, 8
Forage: 18, 26, 25, 24, 25, 17, 15, 16, 16, 22, 17, 17, 13, 8, 17, 17, 10, 13, 6, 13
Forage: 21, 24, 22, 18, 24, 21, 20, 21, 22, 16, 22, 18, 11, 15, 15, 14, 13, 12, 7
Forage: 30, 24, 27, 27, 23, 20, 18, 21, 22, 20, 19, 14, 19, 12, 16, 15
Forage: 23, 27, 27, 21, 26, 24, 17, 25, 22, 17, 14, 18, 11, 21, 13, 18, 12
Forage: 25, 26, 27, 27, 24, 20, 25, 24, 14, 19, 17, 19, 13, 16, 10, 12, 14
Forage: 22, 22, 29, 20, 22, 21, 20, 20, 17, 18, 17, 19, 19, 15, 11, 13, 8, 10, 12
Forage: 24, 25, 19, 18, 25, 20, 21, 23, 19, 18, 22, 18, 13, 19, 16, 12, 14, 11
Forage: 21, 22, 22, 21, 22, 22, 21, 21, 17, 18, 26, 19, 18, 14, 14, 12, 14, 11
Forage: 20, 26, 25, 22, 20, 16, 26, 16, 22, 18, 13, 17, 20, 18, 13, 12, 3, 7, 7, 10
Forage: 26, 25, 26, 23, 25, 26, 19, 19, 20, 20, 19, 12, 14, 17, 9, 12, 13, 7, 5
Forage: 23, 20, 26, 27, 23, 28, 21, 22, 18, 24, 17, 17, 13, 10, 14, 11, 5, 11
Forage: 25, 30, 27, 24, 30, 27, 19, 21, 21, 20, 16, 14, 13, 13, 14, 12
Forage: 23, 26, 27, 19, 25, 24, 24, 23, 17, 19, 20, 12, 15, 17, 18, 11, 9, 7
Forage: 22, 25, 23, 24, 29, 22, 22, 25, 19, 17, 20, 18, 18, 13, 13, 8, 14
Forage: 25, 29, 26, 24, 25, 23, 24, 28, 21, 17, 20, 10, 16, 17, 6, 17
Forage: 24, 25, 31, 20, 23, 22, 20, 24, 18, 15, 20, 23, 21, 11, 14, 14, 8
Forage: 27, 26, 21, 17, 18, 21, 20, 20, 19, 17, 22, 18, 15, 16, 15, 17, 13, 10
Forage: 23, 24, 23, 27, 22, 20, 20, 22, 23, 18, 19, 11, 22, 15, 18, 16
Forage: 20, 20, 25, 23, 23, 22, 18, 19, 19, 23, 15, 16, 16, 14, 17, 14, 10, 8, 6, 9
Forage: 21, 28, 23, 25, 24, 20, 23, 20, 22, 20, 18, 15, 13, 22, 13, 9, 13
