Forage: 12, 21, 14, 17, 13, 15, 16, 16, 12, 10, 17, 11, 13, 13, 14, 11, 11, 13, 13, 12, 12, 7, 13, 7, 10, 9
Forage: 12, 19, 16, 22, 13, 12, 17, 10, 14, 15, 9, 11, 13, 10, 9, 12, 11, 7, 10, 12, 7, 9, 14, 8, 6, 8, 5, 10, 5, 5, 3
Forage: 12, 21, 14, 15, 15, 13, 15, 14, 11, 15, 8, 15, 12, 13, 9, 11, 13, 9, 12, 10, 13, 7, 12, 9, 12, 7, 11, 8
Forage: 19, 18, 20, 17, 20, 12, 10, 14, 13, 14, 15, 17, 6, 18, 13, 13, 12, 12, 11, 11, 8, 8, 10, 8, 9
Forage: 17, 16, 18, 12, 15, 12, 19, 5, 18, 11, 11, 12, 14, 9, 12, 12, 14, 11, 11, 9, 7, 10, 14, 8, 11, 10, 12, 7
Forage: 14, 8, 14, 12, 14, 12, 13, 13, 19, 6, 15, 16, 14, 12, 14, 13, 10, 15, 8, 11, 10, 8, 8, 13, 6, 7, 10, 5, 11
Forage: 18, 16, 21, 18, 16, 18, 16, 13, 14, 13, 12, 11, 12, 15, 11, 14, 12, 11, 11, 12, 9, 9, 8, 9, 8
Forage: 12, 21, 14, 18, 18, 12, 14, 16, 14, 17, 15, 17, 17, 12, 13, 17, 10, 10, 10, 14, 11, 8, 10, 6, 6
Forage: 15, 21, 12, 13, 14, 16, 22, 14, 14, 14, 18, 11, 14, 11, 15, 10, 13, 10, 14, 10, 5, 10, 4, 11, 4, 7, 8
Forage: 17, 17, 20, 16, 17, 12, 14, 17, 12, 14, 11, 15, 11, 13, 12, 16, 12, 10, 13, 8, 12, 13, 7, 9, 8, 5
Forage: 12, 16, 19, 15, 14, 13, 21, 14, 12, 13, 18, 18, 11, 13, 13, 12, 15, 11, 11, 10, 6, 13, 8, 10, 9, 4, 4
Forage: 9, 15, 20, 21, 12, 13, 20, 14, 13, 17, 18, 13, 10, 11, 13, 12, 12, 13, 9, 9, 8, 7, 7, 9, 9, 6, 12
Forage: 18, 18, 15, 16, 15, 14, 9, 14, 12, 12, 8, 14, 11, 11, 9, 16, 12, 12, 11, 11, 11, 6, 11, 7, 6, 11, 8, 7, 7, 5
Forage: 15, 23, 16, 14, 11, 13, 14, 15, 17, 15, 12, 13, 10, 11, 11, 10, 11, 11, 11, 13, 9, 8, 10, 4, 9, 12, 7, 6, 6
Forage: 10, 16, 18, 15, 12, 19, 12, 10, 17, 9, 15, 13, 12, 13, 8, 16, 10, 11, 13, 12, 11, 14, 7, 14, 8, 8, 8
Forage: 13, 21, 13, 15, 17, 13, 9, 14, 13, 11, 14, 14, 15, 12, 11, 13, 14, 12, 12, 8, 11, 6, 11, 10, 9, 8, 6, 5, 6
Forage: 14, 20, 14, 14, 15, 16, 13, 13, 11, 15, 13, 13, 16, 6, 15, 5, 12, 12, 11, 11, 15, 8, 10, 13, 8, 8, 10
Forage: 15, 14, 14, 14, 18, 18, 15, 18, 12, 15, 13, 16, 14, 12, 15, 12, 13, 11, 9, 16, 10, 14, 8, 12, 9
Forage: 15, 20, 14, 15, 19, 14, 17, 11, 13, 17, 9, 14, 11, 11, 12, 11, 10, 14, 12, 9, 12, 11, 8, 10, 7, 5, 9, 6
Forage: 13, 13, 19, 19, 11, 18, 13, 14, 15, 13, 13, 8, 11, 11, 12, 11, 13, 9, 10, 9, 11, 14, 7, 6, 7, 9, 7, 7, 4, 6
Forage: 12, 14, 10, 11, 13, 15, 12, 18, 12, 13, 10, 12, 10, 10, 14, 6, 9, 14, 12, 12, 10, 8, 11, 9, 12, 9, 6, 9, 11, 5, 8
Forage: 11, 14, 20, 13, 18, 12, 19, 14, 17, 16, 13, 16, 11, 12, 18, 8, 11, 12, 11, 10, 10, 11, 10, 10, 6, 7, 6
Forage: 15, 18, 19, 19, 15, 18, 21, 18, 14, 9, 13, 11, 13, 14, 10, 16, 14, 9, 11, 5, 10, 8, 13, 11, 5, 8
Forage: 12, 18, 14, 19, 14, 14, 13, 17, 11, 14, 12, 14, 11, 15, 12, 11, 11, 10, 12, 9, 8, 9, 10, 12, 13, 7, 11
Forage: 15, 17, 17, 15, 15, 17, 21, 14, 14, 13, 13, 11, 13, 16, 13, 9, 10, 7, 12, 10, 13, 13, 6, 6, 6, 7, 6, 8
Forage: 13, 19, 16, 17, 17, 18, 12, 13, 13, 11, 16, 14, 13, 14, 10, 15, 12, 6, 16, 9, 10, 12, 8, 12, 5, 11
Forage: 14, 16, 15, 17, 18, 11, 15, 19, 14, 13, 12, 9, 11, 10, 10, 14, 13, 12, 14, 13, 13, 9, 11, 7, 8, 5, 6, 8
Forage: 13, 18, 17, 14, 16, 14, 13, 13, 16, 16, 15, 5, 15, 9, 13, 14, 11, 10, 12, 12, 9, 9, 11, 8, 10, 12, 9
Forage: 10, 14, 14, 14, 13, 11, 18, 16, 13, 15, 17, 13, 9, 13, 12, 10, 12, 7, 16, 10, 10, 13, 10, 11, 7, 10, 8, 9
Forage: 13, 18, 17, 18, 19, 11, 16, 15, 12, 16, 13, 10, 9, 10, 14, 9, 15, 12, 15, 10, 10, 8, 7, 13, 4, 7, 7, 9
Forage: 12, 19, 16, 16, 14, 17, 12, 12, 14, 16, 13, 11, 14, 11, 17, 9, 8, 14, 6, 11, 10, 9, 8, 7, 11, 9, 5, 9
Forage: 11, 15, 15, 14, 10, 15, 12, 11, 13, 14, 9, 13, 11, 13, 8, 9, 12, 14, 11, 17, 7, 8, 13, 9, 9, 7, 13, 9, 11
Forage: 13, 16, 17, 18, 15, 12, 14, 15, 16, 15, 18, 14, 12, 13, 10, 13, 16, 11, 13, 13, 8, 7, 9, 6, 12, 9
Forage: 10, 14, 21, 12, 20, 11, 16, 14, 12, 15, 14, 10, 14, 19, 9, 14, 6, 12, 11, 16, 12, 7, 9, 10, 5, 9, 9, 6
Forage: 9, 20, 13, 17, 13, 15, 12, 17, 15, 15, 15, 17, 9, 15, 19, 10, 14, 13, 12, 15, 11, 11, 10, 8, 7
Forage: 11, 16, 22, 13, 15, 20, 12, 10, 19, 12, 10, 10, 14, 15, 11, 11, 10, 10, 16, 10, 8, 7, 12, 11, 6, 11, 7, 7
Forage: 13, 20, 16, 19, 19, 13, 17, 13, 18, 14, 14, 9, 14, 10, 11, 13, 12, 15, 11, 8, 11, 12, 9, 9, 9, 7
Forage: 13, 17, 25, 20, 16, 20, 10, 15, 12, 15, 17, 14, 15, 12, 13, 9, 9, 11, 12, 9, 12, 7, 10, 4, 9, 8
Forage: 17, 18, 11, 23, 18, 9, 18, 11, 13, 19, 6, 15, 10, 13, 8, 9, 12, 9, 13, 7, 9, 15, 7, 5, 9, 11, 8, 8
Forage: 18, 20, 12, 15, 13, 13, 13, 14, 12, 14, 17, 13, 12, 11, 16, 11, 11, 11, 7, 9, 11, 10, 8, 9, 10, 4, 9, 9, 5
Forage: 16, 15, 13, 21, 12, 17, 14, 10, 16, 16, 13, 17, 10, 13, 14, 11, 12, 11, 8, 11, 9, 12, 8, 7, 8, 5, 5, 6, 3
Forage: 18, 18, 16, 21, 14, 10, 18, 13, 19, 11, 16, 15, 13, 11, 13, 10, 12, 12, 7, 13, 11, 8, 7, 8, 10, 11, 2
Forage: 11, 14, 17, 18, 10, 21, 10, 14, 12, 17, 17, 15, 10, 14, 12, 8, 14, 11, 10, 8, 13, 11, 11, 9, 10, 7, 10
Forage: 18, 16, 13, 17, 16, 15, 15, 11, 13, 17, 15, 15, 12, 13, 13, 13, 11, 8, 14, 8, 12, 10, 4, 10, 8, 8, 8
Forage: 14, 17, 15, 15, 17, 13, 18, 12, 16, 11, 14, 12, 17, 11, 14, 15, 11, 9, 12, 14, 10, 9, 8, 11, 8, 8, 5
Forage: 12, 20, 13, 12, 9, 14, 11, 13, 14, 10, 14, 11, 12, 11, 10, 14, 15, 8, 11, 10, 15, 12, 9, 12, 7, 10, 7, 8, 6
Forage: 18, 16, 20, 15, 14, 17, 13, 15, 16, 18, 11, 12, 11, 14, 9, 11, 11, 12, 8, 11, 10, 13, 10, 7, 7, 10, 6
Forage: 15, 21, 15, 16, 17, 6, 16, 15, 12, 9, 16, 10, 14, 13, 12, 14, 13, 10, 13, 5, 9, 13, 7, 10, 7, 5, 7, 8, 6
Forage: 16, 14, 13, 15, 13, 13, 17, 14, 14, 12, 13, 11, 18, 7, 15, 10, 14, 7, 9, 8, 12, 9, 14, 8, 8, 8, 12, 7
Forage: 15, 22, 17, 14, 16, 14, 13, 14, 13, 14, 11, 16, 9, 12, 11, 11, 12, 14, 10, 12, 9, 10, 7, 13, 9, 12, 7
Forage: 18, 16, 14, 17, 18, 14, 19, 12, 13, 12, 15, 9, 12, 12, 10, 12, 9, 10, 13, 7, 10, 7, 15, 8, 9, 13, 6
Forage: 10, 21, 18, 15, 19, 16, 13, 12, 12, 16, 12, 14, 11, 13, 12, 14, 12, 12, 12, 8, 10, 10, 13, 10, 7, 9
Forage: 14, 14, 12, 16, 14, 14, 16, 13, 11, 16, 14, 10, 12, 14, 7, 12, 10, 9, 10, 12, 14, 7, 8, 9, 9, 9, 7, 10, 10
Forage: 15, 16, 24, 13, 19, 10, 14, 16, 17, 16, 13, 11, 16, 11, 11, 10, 12, 6, 7, 15, 9, 6, 13, 9, 7, 7, 5, 8
Forage: 14, 16, 18, 18, 14, 13, 17, 8, 18, 13, 14, 13, 8, 17, 13, 13, 10, 7, 10, 12, 15, 9, 3, 11, 13, 3, 9, 3
Forage: 12, 17, 14, 11, 10, 18, 13, 14, 16, 15, 17, 14, 13, 10, 14, 15, 14, 17, 9, 13, 8, 7, 9, 11, 8, 5, 8, 5
Forage: 12, 17, 14, 17, 11, 16, 14, 13, 11, 10, 13, 15, 10, 9, 14, 11, 15, 17, 12, 14, 10, 13, 7, 10, 6, 7, 3, 10
Forage: 16, 15, 20, 18, 14, 20, 14, 15, 15, 16, 16, 13, 14, 11, 9, 12, 12, 13, 12, 12, 9, 10, 6, 12, 4, 8
Forage: 9, 23, 13, 15, 15, 13, 13, 17, 10, 12, 13, 9, 15, 15, 10, 12, 7, 12, 12, 13, 6, 9, 7, 10, 9, 8, 9, 11, 10
Forage: 12, 18, 18, 12, 18, 14, 15, 18, 13, 15, 10, 12, 13, 11, 15, 14, 14, 13, 13, 10, 12, 6, 11, 11, 7, 10
Forage: 19, 17, 13, 17, 15, 15, 17, 11, 14, 15, 15, 13, 10, 10, 15, 10, 11, 10, 14, 12, 11, 9, 12, 6, 13, 11
Forage: 19, 15, 15, 18, 15, 14, 16, 18, 10, 12, 12, 17, 11, 12, 12, 10, 11, 14, 8, 10, 12, 5, 6, 10, 5, 8, 6, 5, 7
Forage: 16, 18, 17, 20, 12, 19, 15, 14, 13, 12, 13, 12, 8, 14, 9, 16, 13, 13, 13, 8, 15, 7, 10, 8, 10, 9
Forage: 5, 21, 15, 15, 14, 15, 12, 12, 10, 14, 14, 8, 15, 10, 13, 10, 13, 11, 13, 14, 9, 11, 8, 12, 6, 12, 5, 9, 2, 8
Forage: 16, 23, 13, 13, 17, 15, 16, 16, 13, 11, 16, 13, 18, 11, 17, 14, 7, 13, 10, 12, 12, 11, 7, 10, 11
Forage: 10, 17, 15, 13, 14, 17, 17, 17, 13, 16, 13, 13, 10, 15, 7, 15, 6, 14, 7, 13, 10, 10, 7, 10, 9, 7, 10, 8
Forage: 15, 17, 15, 14, 14, 12, 12, 17, 13, 13, 9, 13, 13, 11, 7, 12, 8, 8, 8, 8, 13, 10, 10, 6, 11, 10, 7, 10, 5, 10, 4
Forage: 15, 17, 15, 15, 11, 17, 16, 9, 16, 12, 11, 9, 13, 14, 10, 13, 13, 11, 10, 12, 9, 15, 10, 7, 13, 4, 7, 8
Forage: 17, 19, 15, 16, 13, 16, 11, 16, 17, 13, 14, 11, 11, 13, 10, 13, 12, 10, 9, 10, 5, 12, 11, 7, 8, 8, 8, 10
Forage: 14, 20, 15, 12, 14, 15, 16, 11, 13, 11, 15, 12, 12, 15, 11, 13, 8, 10, 13, 9, 5, 6, 8, 12, 7, 8, 11, 9, 5
Forage: 11, 20, 16, 16, 11, 12, 13, 11, 14, 12, 13, 12, 15, 13, 12, 14, 14, 9, 11, 13, 8, 7, 11, 13, 6, 9, 10, 5
Forage: 13, 12, 16, 19, 15, 13, 15, 14, 12, 15, 13, 14, 10, 11, 13, 9, 11, 9, 13, 7, 17, 7, 11, 8, 10, 8, 9, 7, 4
Forage: 12, 15, 18, 16, 20, 10, 15, 14, 13, 10, 13, 17, 11, 13, 14, 14, 12, 14, 9, 12, 10, 7, 12, 11, 5, 7, 12
Forage: 18, 22, 18, 15, 17, 17, 18, 17, 12, 13, 17, 10, 14, 8, 11, 10, 11, 10, 14, 9, 13, 9, 11, 14, 5, 3
Forage: 14, 19, 17, 18, 12, 15, 9, 16, 18, 11, 14, 11, 12, 13, 11, 14, 10, 10, 11, 10, 9, 12, 8, 9, 8, 11, 8, 5
Forage: 14, 17, 16, 15, 20, 15, 14, 14, 16, 15, 12, 14, 12, 13, 13, 9, 15, 9, 12, 8, 6, 10, 11, 10, 9, 7, 8
Forage: 14, 12, 19, 20, 13, 11, 15, 18, 9, 19, 13, 15, 13, 11, 11, 15, 11, 14, 11, 15, 11, 11, 12, 4, 7, 6
Forage: 11, 18, 18, 15, 12, 16, 15, 16, 14, 14, 13, 14, 13, 8, 12, 12, 8, 9, 13, 11, 13, 8, 11, 7, 7, 10, 7, 7, 5
Forage: 13, 12, 19, 14, 20, 13, 17, 15, 15, 12, 12, 16, 14, 16, 9, 18, 9, 11, 10, 9, 11, 7, 9, 8, 9, 7, 8
Forage: 16, 15, 18, 14, 16, 16, 12, 14, 14, 11, 14, 11, 10, 10, 15, 11, 8, 14, 9, 7, 12, 8, 12, 3, 13, 5, 5, 9, 4, 7
Forage: 18, 16, 14, 16, 16, 17, 13, 18, 8, 12, 13, 15, 15, 10, 13, 13, 12, 13, 12, 7, 9, 15, 9, 7, 8, 11
Forage: 12, 15, 21, 16, 12, 16, 15, 15, 12, 13, 14, 12, 14, 12, 12, 10, 14, 12, 7, 7, 10, 10, 11, 12, 7, 12, 6, 7
Forage: 14, 13, 19, 14, 18, 14, 18, 15, 13, 20, 11, 11, 11, 17, 11, 14, 10, 15, 8, 10, 8, 16, 5, 8, 7, 8, 8
Forage: 19, 18, 18, 15, 17, 12, 12, 15, 16, 10, 12, 13, 10, 16, 10, 16, 6, 14, 12, 10, 14, 7, 13, 7, 13, 6
Forage: 17, 21, 15, 17, 17, 16, 16, 12, 13, 14, 11, 13, 13, 10, 11, 14, 13, 9, 9, 13, 9, 11, 8, 12, 6, 8, 4
Forage: 14, 21, 16, 11, 18, 11, 14, 13, 10, 14, 14, 12, 12, 18, 14, 13, 10, 14, 12, 8, 8, 11, 9, 8, 8, 10, 8, 4, 2
Forage: 15, 20, 14, 15, 15, 17, 21, 19, 13, 15, 14, 9, 14, 12, 12, 14, 7, 12, 11, 7, 11, 7, 11, 6, 10, 8, 8
Forage: 11, 17, 17, 15, 14, 13, 16, 14, 13, 19, 14, 14, 11, 14, 13, 11, 10, 10, 15, 10, 9, 7, 8, 13, 7, 11, 8
Forage: 14, 16, 19, 17, 13, 15, 18, 13, 14, 19, 10, 10, 14, 12, 10, 9, 11, 9, 9, 9, 12, 11, 11, 11, 11, 9, 8
Forage: 13, 18, 14, 10, 15, 13, 19, 12, 14, 15, 13, 10, 17, 10, 16, 12, 7, 13, 11, 9, 10, 7, 10, 12, 10, 10, 9, 8
Forage: 8, 16, 19, 15, 17, 12, 13, 19, 13, 17, 10, 16, 8, 16, 12, 6, 13, 13, 10, 10, 11, 7, 14, 8, 8, 7, 9, 8
Forage: 11, 17, 16, 13, 16, 15, 15, 17, 11, 13, 12, 16, 11, 12, 10, 13, 11, 11, 5, 10, 13, 12, 13, 10, 10, 5, 12, 6
Forage: 13, 16, 19, 13, 13, 13, 13, 13, 14, 15, 8, 15, 13, 10, 14, 10, 13, 9, 16, 6, 10, 14, 6, 10, 11, 10, 6, 8, 5
Forage: 14, 16, 17, 15, 13, 16, 14, 14, 14, 12, 15, 14, 14, 14, 11, 14, 8, 13, 12, 11, 14, 9, 10, 5, 10, 9
Forage: 11, 18, 18, 15, 17, 15, 16, 14, 15, 15, 8, 17, 11, 17, 12, 11, 15, 10, 8, 12, 8, 9, 12, 10, 6, 8, 4
Forage: 16, 13, 19, 15, 16, 15, 16, 13, 15, 11, 16, 12, 14, 16, 9, 15, 9, 16, 10, 12, 11, 9, 8, 9, 7, 8, 6
Forage: 12, 20, 11, 13, 16, 19, 19, 12, 15, 15, 14, 10, 12, 13, 14, 9, 13, 13, 9, 9, 9, 7, 10, 10, 8, 10, 6, 9
Forage: 11, 15, 14, 14, 13, 16, 9, 16, 12, 18, 16, 9, 13, 16, 12, 10, 12, 14, 10, 12, 14, 14, 10, 9, 7, 9, 8
Forage: 13, 17, 18, 16, 16, 16, 15, 16, 18, 10, 14, 9, 12, 9, 10, 8, 11, 13, 14, 8, 10, 9, 8, 15, 11, 10, 10
Forage: 9, 24, 17, 15, 12, 14, 15, 17, 12, 16, 10, 12, 12, 11, 12, 13, 9, 12, 9, 14, 8, 9, 9, 6, 8, 7, 8, 7, 8
