Forage: 17, 24, 23, 17, 21, 27, 16, 19, 16, 23, 14, 14, 12, 19, 16, 14, 7, 11, 8, 12, 7
Forage: 16, 22, 19, 21, 22, 23, 19, 23, 17, 16, 13, 12, 16, 5, 13, 14, 21, 17, 6, 13
Forage: 24, 24, 22, 21, 16, 18, 18, 15, 14, 16, 17, 15, 14, 19, 12, 10, 10, 8, 8, 13, 11, 12
Forage: 23, 18, 21, 23, 21, 20, 16, 11, 15, 15, 12, 18, 14, 10, 18, 17, 13, 12, 14, 10, 6, 5
Forage: 20, 25, 17, 19, 24, 22, 20, 18, 12, 13, 17, 16, 12, 11, 12, 12, 6, 9, 10, 13, 9, 13, 6
Forage: 19, 23, 13, 23, 20, 17, 22, 21, 18, 21, 14, 18, 22, 16, 10, 11, 10, 12, 8, 5, 10
Forage: 25, 16, 24, 18, 20, 12, 16, 15, 17, 20, 15, 24, 16, 10, 9, 11, 13, 9, 12, 5, 7, 12
Forage: 16, 20, 21, 17, 19, 24, 15, 17, 14, 13, 18, 19, 19, 17, 12, 9, 13, 10, 8, 14, 9, 10
Forage: 12, 25, 25, 19, 18, 18, 21, 20, 22, 17, 19, 15, 13, 17, 12, 22, 10, 11, 10, 8
Forage: 20, 21, 20, 17, 13, 18, 14, 19, 17, 15, 19, 14, 12, 8, 14, 18, 12, 18, 17, 13, 11
Forage: 17, 26, 17, 24, 16, 20, 17, 20, 19, 17, 15, 10, 15, 10, 15, 17, 12, 10, 6, 6, 8, 10, 5
Forage: 18, 24, 19, 19, 20, 18, 20, 23, 14, 19, 19, 12, 15, 16, 13, 17, 9, 8, 14, 7, 5, 8
Forage: 18, 17, 22, 23, 20, 23, 15, 18, 19, 22, 16, 14, 12, 11, 13, 11, 12, 12, 6, 6, 9, 3, 3, 8
Forage: 25, 20, 18, 22, 18, 15, 13, 18, 20, 16, 14, 15, 13, 13, 17, 14, 14, 7, 12, 11, 6, 7, 4
Forage: 18, 22, 23, 17, 18, 20, 21, 17, 17, 11, 12, 19, 13, 11, 19, 19, 11, 12, 7, 10, 14
Forage: 17, 23, 20, 30, 15, 13, 19, 24, 17, 17, 18, 14, 18, 8, 9, 12, 18, 11, 8, 10, 11, 4
Forage: 16, 23, 20, 24, 26, 15, 19, 15, 22, 15, 14, 17, 17, 18, 12, 12, 16, 14, 9, 9
Forage: 18, 18, 24, 21, 12, 21, 24, 25, 20, 18, 20, 10, 17, 12, 14, 16, 13, 16, 10, 8
Forage: 18, 17, 20, 24, 18, 13, 16, 15, 19, 12, 15, 16, 17, 14, 13, 9, 11, 11, 12, 14, 7, 7, 8, 8
Forage: 16, 16, 18, 24, 16, 24, 22, 21, 23, 17, 16, 15, 12, 17, 14, 13, 12, 7, 7, 8, 0, 8, 7
Forage: 14, 20, 23, 15, 18, 17, 22, 13, 15, 17, 18, 18, 15, 14, 12, 14, 10, 11, 8, 8, 16, 7, 7
Forage: 19, 17, 22, 18, 15, 25, 19, 19, 18, 24, 21, 14, 14, 9, 12, 14, 14, 11, 6, 5, 8, 7
Forage: 19, 21, 22, 23, 19, 19, 20, 15, 23, 22, 9, 20, 15, 15, 13, 10, 7, 6, 8, 5, 10, 9, 6
Forage: 17, 29, 23, 20, 26, 22, 17, 20, 21, 21, 18, 15, 16, 13, 12, 9, 17, 9, 7, 4
Forage: 17, 21, 24, 22, 21, 20, 22, 22, 16, 22, 23, 19, 11, 12, 11, 13, 10, 10, 3, 16
Forage: 16, 32, 18, 24, 19, 18, 19, 19, 14, 17, 15, 8, 11, 12, 15, 13, 12, 12, 15, 5, 2, 6, 8, 5
Forage: 24, 17, 23, 23, 18, 22, 19, 18, 21, 24, 19, 20, 15, 15, 7, 12, 9, 9, 12
Forage: 22, 18, 17, 24, 22, 19, 21, 20, 18, 17, 13, 15, 17, 10, 10, 9, 13, 7, 7, 12, 11, 10
Forage: 17, 20, 20, 19, 17, 22, 17, 20, 11, 16, 16, 15, 12, 18, 9, 9, 9, 13, 8, 18, 15, 5, 5, 4, 2
Forage: 18, 22, 25, 26, 18, 30, 25, 14, 20, 18, 17, 15, 12, 10, 12, 11, 12, 9, 7, 7
Forage: 15, 24, 25, 21, 18, 20, 21, 14, 20, 21, 20, 14, 17, 14, 16, 8, 8, 10, 14, 4, 11
Forage: 22, 23, 18, 20, 18, 20, 17, 16, 20, 15, 16, 16, 14, 19, 18, 11, 12, 10, 12, 16
Forage: 14, 19, 23, 20, 23, 19, 20, 13, 20, 14, 19, 18, 20, 15, 19, 15, 10, 12, 9, 6, 4, 5
Forage: 18, 23, 18, 18, 21, 28, 20, 17, 14, 18, 17, 17, 14, 19, 10, 6, 10, 9, 6, 9, 9, 11
Forage: 22, 23, 17, 22, 31, 24, 30, 17, 17, 17, 15, 13, 13, 12, 11, 12, 12, 11, 9, 7
Forage: 19, 14, 29, 20, 20, 21, 15, 17, 15, 15, 12, 15, 15, 14, 13, 16, 11, 17, 14, 8, 11
Forage: 19, 22, 21, 18, 20, 14, 18, 18, 15, 14, 14, 11, 20, 18, 17, 11, 10, 10, 13, 9, 10, 6, 5
Forage: 9, 25, 20, 22, 21, 17, 21, 19, 19, 15, 14, 16, 16, 18, 17, 16, 14, 13, 11, 10
Forage: 23, 28, 26, 20, 17, 20, 19, 23, 17, 14, 12, 13, 14, 14, 10, 14, 11, 11, 13, 9, 7
Forage: 12, 21, 21, 23, 21, 17, 18, 11, 17, 15, 18, 17, 20, 14, 12, 10, 10, 8, 14, 10, 12, 9
Forage: 16, 26, 25, 15, 18, 20, 20, 20, 16, 16, 16, 14, 16, 13, 6, 9, 8, 9, 11, 12, 10, 7, 8
Forage: 10, 23, 22, 19, 24, 20, 15, 15, 10, 12, 17, 18, 17, 18, 13, 18, 9, 10, 6, 12, 7, 5, 8, 3
Forage: 15, 18, 21, 24, 22, 21, 16, 20, 19, 19, 16, 17, 15, 12, 13, 10, 6, 10, 7, 9, 12, 7
Forage: 18, 22, 20, 19, 21, 27, 21, 17, 18, 18, 12, 15, 15, 15, 11, 6, 12, 6, 9, 13, 4, 6, 4, 4
Forage: 17, 20, 16, 19, 17, 18, 20, 17, 12, 14, 12, 18, 17, 11, 16, 10, 15, 19, 14, 13, 9, 9
Forage: 15, 23, 24, 14, 15, 22, 14, 23, 17, 17, 12, 9, 16, 13, 12, 13, 20, 11, 9, 8, 9, 6, 5, 9
Forage: 16, 26, 18, 26, 29, 25, 18, 21, 17, 13, 10, 11, 10, 15, 18, 13, 15, 7, 12, 9, 8
Forage: 20, 23, 24, 21, 26, 26, 12, 21, 16, 19, 15, 21, 15, 12, 15, 13, 8, 7, 11, 11
Forage: 19, 21, 17, 16, 21, 19, 17, 15, 15, 18, 20, 16, 21, 16, 15, 13, 6, 12, 7, 11, 12, 4, 6
Forage: 14, 27, 19, 19, 17, 20, 20, 24, 22, 20, 13, 13, 9, 16, 15, 16, 10, 14, 10, 6, 7, 5
Forage: 19, 18, 15, 22, 23, 16, 17, 21, 18, 17, 20, 11, 18, 15, 13, 13, 13, 7, 7, 6, 5, 6, 9
Forage: 16, 19, 16, 21, 23, 23, 22, 20, 15, 12, 13, 23, 14, 20, 12, 10, 16, 19, 14, 7
Forage: 13, 22, 19, 28, 21, 29, 19, 17, 20, 19, 14, 10, 20, 17, 16, 10, 11, 9, 6, 8, 9
Forage: 19, 26, 17, 21, 20, 21, 21, 23, 19, 13, 17, 18, 14, 15, 14, 6, 15, 6, 12, 8, 8
Forage: 19, 22, 17, 20, 20, 18, 14, 14, 14, 16, 18, 11, 21, 12, 12, 15, 10, 11, 11, 11, 11, 10, 8
Forage: 23, 22, 24, 20, 22, 19, 18, 14, 15, 14, 17, 12, 14, 11, 14, 10, 11, 10, 12, 10, 10, 7
Forage: 21, 22, 26, 22, 22, 24, 19, 16, 15, 20, 14, 18, 21, 13, 12, 9, 10, 8, 8, 8, 4
Forage: 18, 21, 15, 21, 18, 20, 20, 23, 7, 18, 14, 15, 22, 16, 13, 13, 17, 11, 12, 13, 8
Forage: 14, 25, 23, 21, 27, 15, 18, 14, 22, 13, 16, 17, 21, 15, 15, 10, 8, 9, 8, 8, 6, 6
Forage: 20, 23, 22, 22, 23, 19, 18, 18, 17, 16, 12, 22, 12, 17, 17, 8, 13, 7, 13, 8, 5
Forage: 16, 25, 23, 22, 25, 18, 15, 14, 18, 18, 20, 12, 8, 16, 12, 11, 9, 11, 12, 11, 10, 6, 4
Forage: 17, 24, 26, 18, 22, 20, 16, 22, 20, 12, 15, 11, 18, 17, 7, 15, 15, 9, 11, 7, 10
Forage: 19, 22, 15, 16, 17, 23, 32, 30, 14, 16, 16, 17, 5, 11, 11, 7, 10, 16, 6, 7, 8, 10
Forage: 18, 21, 27, 25, 24, 17, 22, 19, 20, 16, 16, 17, 9, 11, 13, 13, 10, 14, 8, 12
Forage: 22, 29, 25, 25, 18, 14, 18, 18, 20, 17, 19, 22, 16, 13, 13, 10, 8, 5, 9, 4, 7
Forage: 18, 17, 25, 13, 20, 21, 23, 17, 23, 17, 21, 16, 18, 18, 9, 13, 10, 9, 8, 8, 10
Forage: 19, 26, 20, 22, 21, 22, 19, 15, 24, 20, 13, 25, 11, 14, 15, 15, 12, 14, 9
Forage: 16, 24, 19, 19, 19, 21, 17, 16, 20, 16, 21, 15, 15, 17, 12, 12, 16, 12, 7, 5, 9, 8
Forage: 22, 30, 24, 24, 16, 16, 22, 21, 18, 11, 18, 12, 14, 18, 14, 9, 14, 9, 9, 9
Forage: 23, 26, 24, 19, 15, 15, 19, 19, 13, 12, 18, 8, 13, 11, 14, 12, 14, 13, 10, 13, 11, 11
Forage: 17, 18, 18, 25, 22, 21, 21, 17, 16, 15, 15, 16, 16, 17, 9, 17, 11, 7, 16, 6, 6, 5
Forage: 19, 19, 20, 22, 19, 22, 26, 21, 14, 16, 17, 17, 18, 13, 13, 11, 9, 15, 13, 10
Forage: 15, 27, 17, 19, 19, 14, 21, 20, 20, 14, 18, 13, 9, 15, 11, 13, 10, 12, 15, 14, 11, 7
Forage: 17, 26, 20, 17, 21, 17, 18, 15, 11, 11, 18, 11, 12, 13, 6, 11, 14, 16, 13, 9, 8, 10, 8, 9
Forage: 18, 25, 26, 19, 19, 19, 19, 22, 24, 15, 17, 24, 13, 18, 10, 12, 4, 11, 12, 10
Forage: 14, 23, 22, 16, 25, 19, 26, 12, 18, 13, 20, 12, 11, 18, 13, 10, 11, 10, 10, 13, 9
Forage: 18, 18, 24, 20, 17, 25, 21, 17, 18, 15, 13, 15, 17, 12, 12, 7, 12, 13, 8, 10, 12, 9, 4
Forage: 23, 23, 25, 23, 23, 19, 14, 23, 17, 22, 21, 16, 14, 13, 10, 8, 7, 9, 8, 9, 9
Forage: 16, 22, 27, 26, 18, 13, 14, 14, 18, 12, 18, 21, 18, 23, 17, 7, 16, 11, 14, 8
Forage: 13, 20, 23, 19, 22, 13, 20, 19, 22, 21, 16, 15, 9, 18, 10, 9, 15, 10, 10, 8, 11, 12
Forage: 17, 19, 19, 20, 19, 18, 17, 21, 20, 15, 14, 13, 12, 15, 19, 12, 14, 13, 12, 10, 5, 6, 7
Forage: 21, 22, 24, 14, 21, 15, 18, 23, 19, 22, 17, 15, 13, 14, 8, 11, 9, 8, 11, 8, 10, 10
Forage: 20, 20, 21, 17, 23, 16, 27, 16, 23, 17, 14, 16, 14, 19, 10, 11, 9, 11, 10, 11, 6
Forage: 13, 18, 15, 19, 20, 17, 22, 17, 17, 16, 16, 17, 13, 8, 15, 15, 12, 16, 12, 9, 7, 13
Forage: 16, 17, 24, 22, 23, 15, 19, 12, 17, 17, 12, 16, 19, 17, 21, 16, 16, 15, 9, 9, 3
Forage: 13, 21, 20, 24, 23, 16, 13, 17, 21, 19, 15, 19, 17, 19, 19, 12, 8, 10, 5, 8, 6, 11
Forage: 18, 25, 22, 22, 22, 20, 15, 17, 21, 19, 13, 16, 12, 8, 7, 8, 13, 12, 12, 6, 7, 11, 7
Forage: 15, 22, 24, 20, 18, 23, 26, 15, 16, 11, 19, 11, 16, 16, 11, 13, 9, 10, 8, 13, 9, 7, 5
Forage: 15, 20, 22, 23, 19, 21, 22, 21, 15, 10, 20, 13, 19, 13, 17, 10, 9, 10, 10, 9, 6, 9
Forage: 25, 18, 27, 23, 16, 17, 13, 17, 20, 18, 15, 14, 15, 15, 10, 7, 12, 10, 7, 13, 15, 10
Forage: 21, 23, 24, 20, 23, 16, 17, 16, 18, 10, 15, 13, 13, 13, 14, 10, 15, 11, 12, 9, 7, 6, 8
Forage: 20, 24, 21, 25, 25, 22, 16, 18, 21, 23, 16, 14, 20, 13, 12, 11, 9, 12, 7, 6
Forage: 18, 16, 24, 19, 21, 25, 21, 21, 17, 22, 21, 14, 19, 16, 9, 13, 9, 10, 7, 5, 4, 5
Forage: 12, 28, 21, 22, 19, 18, 23, 16, 24, 14, 22, 13, 15, 15, 12, 16, 9, 13, 10, 11, 3
Forage: 17, 20, 29, 28, 24, 17, 19, 21, 19, 11, 20, 17, 15, 15, 9, 9, 7, 13, 13, 5, 5
Forage: 18, 23, 22, 19, 22, 19, 19, 17, 19, 20, 13, 17, 12, 13, 10, 12, 16, 9, 10, 11, 8, 6
Forage: 22, 28, 21, 17, 22, 20, 17, 14, 16, 17, 11, 15, 17, 17, 17, 15, 18, 11, 8, 8
Forage: 17, 23, 25, 28, 19, 20, 20, 21, 25, 20, 20, 16, 14, 14, 10, 9, 9, 4, 9, 10
Forage: 14, 26, 18, 17, 22, 23, 16, 17, 19, 18, 16, 17, 16, 10, 14, 17, 6, 10, 10, 16, 11, 4
Forage: 18, 20, 18, 20, 23, 22, 14, 16, 17, 19, 17, 14, 19, 16, 15, 13, 14, 7, 5, 10, 4, 8, 8
