Forage: 21, 32, 27, 26, 28, 26, 21, 19, 23, 27, 18, 17, 15, 14, 12
Forage: 38, 27, 22, 28, 22, 25, 26, 19, 15, 24, 15, 17, 12, 16, 10, 15
Forage: 34, 29, 27, 24, 27, 25, 18, 23, 22, 20, 16, 18, 17, 20, 11
Forage: 23, 28, 23, 25, 23, 25, 23, 25, 22, 15, 17, 17, 14, 12, 18, 14, 10
Forage: 42, 25, 28, 25, 27, 26, 23, 23, 17, 24, 18, 10, 18, 15, 13
Forage: 35, 25, 25, 27, 23, 16, 34, 20, 17, 19, 20, 21, 15, 12, 12, 14
Forage: 29, 33, 23, 23, 24, 21, 18, 23, 15, 20, 16, 22, 13, 18, 14, 14
Forage: 37, 30, 33, 24, 29, 21, 22, 21, 22, 15, 14, 13, 16, 17, 17
Forage: 40, 20, 25, 30, 20, 27, 21, 22, 18, 11, 21, 13, 18, 17, 10, 12, 5
Forage: 48, 27, 25, 29, 20, 22, 22, 17, 21, 21, 14, 15, 15, 16, 16
Forage: 35, 20, 24, 29, 26, 26, 21, 19, 21, 18, 17, 15, 16, 13, 15, 14
Forage: 29, 28, 32, 27, 28, 29, 20, 20, 20, 23, 15, 17, 16, 13, 10, 9
Forage: 30, 28, 25, 27, 18, 26, 23, 21, 23, 14, 15, 16, 16, 15, 14, 11, 8
Forage: 30, 29, 32, 29, 21, 17, 20, 22, 20, 21, 19, 18, 18, 17, 6, 14
Forage: 30, 25, 26, 23, 24, 22, 24, 11, 15, 12, 15, 14, 14, 17, 14, 11, 15, 11, 9
Forage: 25, 26, 25, 24, 30, 26, 16, 22, 17, 20, 14, 20, 12, 11, 15, 11, 10, 9
Forage: 33, 28, 28, 28, 23, 22, 24, 25, 26, 12, 21, 18, 19, 13, 13
Forage: 28, 31, 30, 29, 26, 24, 22, 22, 16, 18, 15, 17, 15, 16, 14, 8
Forage: 35, 25, 21, 25, 24, 22, 15, 24, 19, 18, 18, 16, 16, 18, 11, 14, 13
Forage: 30, 29, 26, 25, 18, 18, 24, 18, 16, 18, 19, 17, 16, 17, 20, 15, 11
Forage: 30, 33, 29, 21, 27, 28, 19, 22, 18, 18, 18, 17, 14, 20, 15
Forage: 28, 28, 31, 29, 23, 24, 21, 23, 19, 12, 12, 16, 18, 14, 12, 9, 12
Forage: 26, 24, 26, 23, 27, 20, 23, 21, 19, 20, 18, 24, 19, 14, 12, 10
Forage: 26, 28, 27, 25, 20, 22, 22, 21, 16, 23, 17, 21, 14, 12, 17, 6, 11
Forage: 38, 24, 27, 20, 17, 26, 21, 21, 23, 19, 16, 16, 13, 14, 13, 14, 9
Forage: 34, 26, 26, 22, 28, 23, 28, 20, 24, 18, 21, 15, 19, 18, 11
Forage: 33, 28, 24, 22, 21, 25, 20, 23, 16, 16, 21, 13, 16, 15, 12, 17
Forage: 37, 25, 21, 27, 25, 17, 20, 18, 19, 24, 17, 20, 18, 14, 18, 11
Forage: 23, 27, 28, 26, 30, 25, 21, 22, 23, 20, 21, 16, 18, 12, 14
Forage: 32, 27, 22, 22, 23, 21, 20, 24, 22, 16, 18, 23, 17, 15, 11, 13
Forage: 37, 30, 30, 25, 23, 22, 21, 20, 18, 20, 13, 20, 14, 10, 11, 14, 7
Forage: 38, 30, 32, 30, 27, 26, 19, 21, 20, 22, 18, 13, 17, 10, 14
Forage: 36, 27, 29, 22, 24, 22, 28, 20, 22, 21, 15, 11, 9, 13, 13, 11, 11
Forage: 41, 27, 23, 29, 27, 21, 19, 21, 28, 23, 19, 15, 14, 14, 9
Forage: 33, 28, 29, 25, 27, 23, 21, 20, 15, 16, 12, 16, 16, 14, 14, 9, 9, 7
Forage: 35, 26, 28, 20, 25, 16, 17, 13, 16, 17, 15, 15, 21, 17, 15, 16, 12, 12
Forage: 33, 23, 24, 26, 23, 25, 22, 20, 20, 22, 22, 15, 13, 14, 9, 13, 13
Forage: 33, 22, 30, 29, 25, 24, 27, 20, 21, 21, 19, 14, 12, 18, 17
Forage: 25, 26, 29, 22, 24, 26, 28, 26, 24, 15, 20, 20, 14, 14, 13, 10
Forage: 27, 21, 28, 24, 28, 23, 15, 20, 18, 20, 22, 19, 12, 11, 12, 14, 4, 11
Forage: 31, 27, 27, 29, 26, 27, 25, 22, 21, 17, 22, 18, 20, 15, 10
Forage: 33, 32, 19, 25, 20, 25, 22, 22, 20, 20, 20, 17, 19, 8, 16, 10
Forage: 32, 33, 19, 26, 29, 20, 25, 24, 18, 24, 18, 16, 19, 11, 12
Forage: 28, 33, 28, 27, 27, 22, 19, 25, 17, 24, 22, 18, 10, 14, 8, 6, 9
Forage: 27, 28, 23, 23, 14, 27, 24, 26, 18, 22, 26, 20, 19, 12, 17, 11
Forage: 24, 25, 32, 24, 26, 20, 22, 24, 18, 20, 16, 15, 19, 13, 15, 15
Forage: 32, 27, 30, 23, 17, 21, 21, 24, 16, 14, 20, 19, 13, 18, 15, 13, 10
Forage: 27, 28, 28, 21, 27, 22, 18, 25, 22, 24, 19, 19, 19, 14, 15
Forage: 31, 29, 25, 27, 20, 24, 24, 25, 22, 24, 19, 16, 15, 18, 11
Forage: 35, 23, 31, 23, 25, 23, 21, 18, 24, 19, 19, 18, 17, 15, 13, 12
Forage: 25, 24, 29, 30, 28, 27, 23, 21, 21, 15, 21, 14, 15, 15, 13, 8
Forage: 27, 29, 28, 26, 28, 23, 22, 16, 20, 18, 15, 10, 20, 14, 20, 11, 10
Forage: 27, 26, 29, 26, 31, 26, 25, 18, 19, 18, 17, 19, 10, 16, 10, 11
Forage: 25, 23, 25, 22, 24, 23, 24, 21, 24, 20, 12, 15, 19, 10, 16, 9, 16
Forage: 35, 22, 24, 24, 23, 24, 18, 23, 19, 18, 21, 16, 19, 17, 14, 13
Forage: 38, 29, 24, 27, 24, 16, 21, 12, 18, 18, 14, 12, 16, 17, 12, 17, 13
Forage: 28, 22, 23, 20, 25, 27, 19, 17, 17, 16, 18, 25, 21, 11, 16, 9, 10, 10
Forage: 30, 25, 20, 23, 25, 26, 26, 23, 29, 22, 21, 14, 16, 20, 11
Forage: 33, 28, 32, 24, 25, 28, 26, 23, 22, 20, 20, 19, 13, 13
Forage: 29, 24, 32, 21, 19, 18, 18, 20, 21, 20, 24, 21, 18, 15, 18, 16
