Forage: 15, 22, 16, 15, 20, 16, 22, 25, 12, 19, 18, 16, 12, 16, 16, 12, 12, 12, 8, 15, 6, 8, 4
Forage: 12, 19, 24, 22, 16, 19, 22, 16, 21, 17, 16, 10, 6, 15, 11, 9, 12, 6, 5, 4, 7, 7, 3, 8, 3, 7, 6, 6, 3, 3
Forage: 13, 18, 18, 16, 22, 19, 17, 13, 9, 21, 9, 17, 10, 10, 15, 10, 15, 8, 13, 6, 9, 9, 10, 4, 8, 6, 5
Forage: 13, 20, 20, 12, 20, 15, 20, 15, 17, 17, 15, 13, 17, 13, 10, 11, 14, 9, 6, 8, 5, 12, 14, 5, 9, 7
Forage: 16, 23, 14, 23, 19, 12, 17, 21, 19, 24, 18, 13, 17, 11, 15, 8, 10, 12, 8, 7, 8, 6, 3, 10
Forage: 10, 20, 23, 22, 22, 17, 20, 20, 15, 11, 17, 12, 7, 9, 16, 13, 15, 16, 8, 10, 8, 5, 8, 6
Forage: 14, 20, 22, 12, 20, 20, 15, 16, 13, 17, 18, 23, 17, 14, 6, 14, 12, 12, 8, 14, 9, 6, 5, 10
Forage: 20, 20, 18, 17, 17, 19, 20, 19, 14, 15, 20, 12, 13, 8, 14, 10, 10, 8, 11, 11, 9, 9, 7, 2, 4, 5, 5
Forage: 13, 26, 21, 14, 14, 13, 18, 15, 24, 19, 10, 14, 16, 10, 11, 10, 8, 17, 8, 8, 10, 9, 10, 6, 11
Forage: 17, 12, 21, 20, 18, 21, 20, 17, 16, 18, 14, 18, 12, 11, 14, 13, 13, 9, 7, 8, 8, 6, 2, 4, 7, 4, 7
Forage: 17, 21, 19, 17, 11, 19, 10, 17, 19, 14, 14, 18, 7, 17, 13, 14, 12, 10, 10, 8, 9, 8, 11, 5, 6, 3, 4, 3
Forage: 9, 20, 22, 23, 17, 14, 15, 22, 21, 17, 16, 16, 15, 9, 12, 11, 3, 10, 9, 6, 8, 9, 10, 8, 12
Forage: 11, 23, 17, 16, 13, 15, 15, 15, 11, 19, 16, 15, 7, 11, 14, 11, 16, 15, 14, 7, 5, 4, 10, 4, 4, 8, 4, 3, 7, 2
Forage: 16, 23, 17, 21, 17, 15, 19, 13, 16, 15, 12, 12, 9, 15, 10, 10, 10, 10, 8, 7, 10, 15, 12, 12, 12
Forage: 12, 23, 15, 18, 21, 18, 21, 18, 13, 11, 21, 20, 12, 12, 8, 7, 14, 10, 8, 9, 7, 8, 12, 8, 8
Forage: 14, 21, 20, 13, 17, 17, 13, 20, 21, 13, 21, 14, 9, 7, 8, 13, 11, 12, 14, 6, 13, 14, 9, 4, 4, 4
Forage: 16, 21, 16, 16, 17, 12, 20, 21, 14, 16, 17, 10, 13, 16, 15, 16, 7, 12, 10, 11, 11, 5, 7, 7, 2, 1, 2, 4
Forage: 15, 21, 17, 23, 18, 13, 15, 18, 16, 12, 15, 8, 18, 12, 10, 13, 10, 10, 12, 11, 10, 14, 9, 9
Forage: 11, 16, 16, 24, 14, 13, 18, 10, 13, 15, 14, 14, 12, 16, 14, 11, 20, 9, 12, 8, 9, 9, 6, 6, 11, 6, 7
Forage: 14, 20, 12, 16, 17, 25, 19, 16, 13, 15, 13, 12, 17, 15, 13, 8, 15, 10, 12, 8, 6, 7, 6, 9, 3, 6, 7
Forage: 11, 23, 23, 19, 22, 17, 12, 15, 23, 18, 12, 13, 10, 14, 12, 12, 9, 14, 12, 10, 9, 7, 9, 7
Forage: 10, 21, 17, 22, 13, 17, 17, 13, 19, 14, 15, 13, 8, 10, 12, 11, 4, 11, 9, 18, 14, 10, 6, 7, 6, 7, 10
Forage: 9, 13, 16, 18, 16, 15, 25, 22, 21, 14, 18, 11, 9, 12, 9, 19, 14, 7, 10, 10, 10, 9, 6, 11, 6
Forage: 9, 23, 14, 17, 16, 18, 18, 13, 20, 15, 16, 13, 10, 8, 9, 9, 9, 11, 9, 12, 7, 11, 8, 10, 10, 8, 10
Forage: 15, 22, 13, 14, 16, 15, 16, 16, 10, 13, 19, 15, 13, 15, 14, 14, 11, 11, 11, 9, 10, 4, 7, 2, 10, 7, 5, 5
Forage: 13, 23, 21, 20, 24, 19, 17, 12, 15, 14, 10, 15, 12, 15, 8, 14, 15, 14, 10, 10, 9, 8, 8, 10
Forage: 16, 17, 14, 18, 14, 20, 14, 21, 24, 24, 19, 20, 9, 16, 13, 15, 7, 7, 8, 8, 5, 9, 9, 4, 6
Forage: 12, 21, 15, 13, 16, 13, 15, 18, 16, 20, 17, 19, 18, 12, 14, 12, 15, 10, 7, 10, 4, 10, 8, 8, 5, 5, 4
Forage: 15, 23, 18, 14, 16, 13, 14, 17, 13, 15, 9, 12, 14, 14, 13, 17, 11, 15, 10, 7, 7, 6, 10, 10, 8, 7, 6, 3
Forage: 13, 19, 21, 20, 21, 18, 19, 16, 15, 7, 7, 10, 7, 12, 11, 18, 14, 11, 13, 11, 14, 10, 9, 7, 5, 7
Forage: 13, 18, 18, 15, 22, 17, 18, 11, 9, 18, 16, 14, 15, 17, 12, 15, 7, 14, 9, 9, 7, 12, 6, 12, 10
Forage: 14, 21, 21, 20, 14, 16, 20, 19, 15, 13, 12, 16, 15, 12, 17, 14, 12, 12, 13, 12, 7, 7, 10, 4
Forage: 15, 22, 20, 19, 20, 18, 17, 12, 18, 18, 17, 15, 11, 16, 12, 10, 14, 11, 11, 6, 9, 10, 8, 6
Forage: 16, 18, 17, 23, 20, 13, 18, 11, 16, 18, 16, 11, 11, 12, 11, 16, 15, 10, 8, 4, 6, 9, 8, 10, 9, 10
Forage: 14, 20, 13, 21, 21, 17, 10, 19, 15, 14, 16, 12, 10, 13, 12, 11, 14, 11, 15, 13, 9, 8, 5, 13, 6, 4
Forage: 16, 13, 22, 19, 16, 16, 16, 13, 12, 10, 11, 14, 17, 11, 12, 9, 11, 11, 11, 10, 11, 10, 11, 11, 8, 8
Forage: 15, 18, 18, 21, 19, 18, 23, 15, 19, 10, 18, 16, 16, 13, 13, 12, 9, 12, 10, 7, 8, 6, 6, 6, 7
Forage: 11, 26, 11, 22, 16, 15, 16, 14, 16, 14, 13, 16, 12, 12, 16, 9, 12, 8, 12, 11, 10, 10, 8, 6, 10, 4, 5
Forage: 12, 15, 16, 13, 12, 16, 18, 15, 24, 19, 14, 16, 10, 10, 10, 7, 13, 11, 11, 15, 5, 8, 6, 5, 6, 11, 9, 4, 3, 1
Forage: 10, 14, 12, 19, 13, 10, 13, 14, 13, 14, 14, 9, 13, 14, 16, 11, 16, 19, 11, 12, 10, 10, 11, 11, 11, 8
Forage: 10, 15, 18, 15, 29, 22, 16, 22, 17, 10, 16, 16, 12, 10, 8, 13, 10, 7, 8, 7, 9, 9, 13, 6, 6, 8
Forage: 13, 17, 16, 26, 21, 19, 18, 19, 17, 13, 13, 19, 9, 9, 9, 11, 10, 11, 11, 7, 7, 4, 4, 6, 8, 6, 6, 8
Forage: 16, 13, 20, 16, 16, 14, 13, 24, 18, 18, 17, 15, 11, 22, 7, 11, 7, 9, 13, 14, 13, 13, 11
Forage: 9, 18, 15, 17, 20, 24, 11, 20, 14, 14, 12, 13, 19, 14, 10, 13, 14, 9, 13, 13, 6, 6, 11, 6, 4, 3, 4
Forage: 14, 16, 15, 20, 20, 14, 14, 14, 13, 13, 15, 9, 18, 19, 13, 14, 13, 15, 9, 11, 8, 8, 9, 5, 5, 6, 4
Forage: 18, 18, 25, 15, 24, 19, 22, 10, 17, 18, 15, 12, 11, 14, 10, 12, 9, 12, 13, 12, 10, 10, 3, 8
Forage: 15, 20, 21, 16, 13, 18, 22, 24, 15, 15, 18, 19, 16, 12, 11, 10, 13, 15, 10, 6, 4, 9, 6, 4
Forage: 16, 21, 19, 15, 16, 23, 25, 18, 22, 10, 16, 18, 12, 11, 15, 10, 12, 15, 15, 4, 9, 6, 5, 4
Forage: 11, 19, 19, 22, 21, 16, 19, 16, 21, 16, 17, 11, 15, 13, 14, 12, 5, 11, 13, 12, 12, 7, 6, 8
Forage: 12, 18, 19, 20, 21, 19, 21, 15, 12, 11, 13, 12, 15, 17, 16, 11, 13, 16, 12, 9, 9, 6, 6, 7, 3, 4
Forage: 15, 23, 17, 16, 18, 20, 25, 26, 20, 19, 17, 14, 10, 11, 15, 9, 15, 7, 10, 10, 11, 3
Forage: 19, 15, 16, 14, 11, 22, 17, 17, 22, 18, 19, 14, 19, 12, 17, 14, 11, 14, 10, 8, 8, 3, 3, 8, 1, 2
Forage: 13, 13, 17, 20, 11, 17, 12, 14, 15, 17, 12, 11, 15, 10, 15, 20, 13, 11, 12, 11, 9, 7, 10, 10, 9, 11
Forage: 15, 21, 23, 17, 17, 18, 17, 16, 16, 11, 16, 14, 14, 9, 14, 8, 10, 11, 11, 12, 12, 7, 6, 6, 5, 3, 4
Forage: 9, 17, 19, 19, 15, 13, 16, 18, 10, 24, 14, 17, 11, 16, 20, 14, 11, 10, 18, 13, 8, 13, 6, 4
Forage: 10, 19, 25, 25, 21, 16, 13, 15, 11, 14, 8, 17, 14, 12, 15, 14, 12, 14, 12, 13, 7, 9, 7, 8, 6
Forage: 11, 19, 13, 15, 21, 14, 16, 18, 12, 15, 13, 17, 11, 11, 15, 11, 12, 9, 10, 9, 11, 8, 10, 8, 12, 12
Forage: 8, 19, 14, 16, 11, 12, 15, 19, 12, 17, 13, 16, 14, 14, 8, 10, 14, 12, 13, 10, 8, 8, 8, 8, 10, 11, 9, 7
Forage: 15, 17, 21, 21, 15, 15, 22, 19, 26, 12, 12, 17, 15, 14, 9, 12, 9, 7, 12, 13, 11, 9, 8
Forage: 14, 23, 12, 16, 11, 17, 14, 17, 17, 11, 13, 12, 17, 13, 20, 12, 10, 11, 10, 10, 10, 4, 3, 7, 6, 8, 9, 3, 4
Forage: 16, 18, 19, 19, 15, 13, 14, 12, 18, 11, 11, 17, 8, 10, 11, 11, 9, 11, 13, 14, 5, 12, 10, 8, 6, 7, 4, 9
Forage: 17, 31, 18, 18, 18, 18, 17, 19, 15, 16, 19, 15, 14, 12, 13, 9, 11, 9, 7, 9, 10, 13, 7
Forage: 16, 18, 19, 16, 13, 16, 12, 11, 15, 16, 17, 18, 8, 19, 15, 14, 9, 13, 7, 9, 8, 9, 10, 9, 6, 3, 9
Forage: 16, 15, 21, 21, 20, 12, 16, 15, 14, 10, 15, 11, 14, 13, 20, 16, 18, 14, 9, 7, 10, 11, 10, 7
Forage: 12, 18, 16, 22, 15, 23, 16, 16, 17, 15, 17, 10, 15, 13, 8, 13, 10, 14, 12, 10, 11, 3, 6, 7, 5, 5, 7
Forage: 15, 26, 23, 24, 16, 18, 14, 12, 13, 18, 18, 10, 15, 12, 15, 15, 14, 5, 9, 7, 8, 8, 11, 9
Forage: 12, 21, 16, 18, 17, 21, 14, 14, 15, 12, 16, 16, 10, 10, 14, 18, 16, 13, 10, 5, 8, 10, 8, 7, 9
Forage: 16, 26, 23, 15, 15, 17, 17, 24, 9, 12, 16, 19, 16, 10, 11, 16, 10, 12, 12, 10, 9, 5, 7, 5
Forage: 11, 24, 17, 21, 20, 21, 14, 15, 13, 12, 14, 13, 14, 3, 9, 9, 9, 9, 13, 11, 11, 11, 9, 11, 8, 10
Forage: 21, 20, 22, 21, 18, 15, 15, 17, 13, 14, 16, 15, 18, 11, 14, 17, 12, 10, 10, 8, 6, 9, 7, 5
Forage: 18, 19, 21, 21, 15, 15, 19, 17, 20, 12, 14, 8, 10, 8, 11, 12, 12, 15, 4, 13, 10, 6, 6, 3, 10, 11
Forage: 11, 25, 18, 23, 17, 24, 19, 21, 17, 10, 7, 15, 15, 12, 9, 14, 14, 6, 11, 8, 8, 8, 8, 5, 4, 5
Forage: 14, 23, 21, 24, 20, 16, 24, 16, 19, 15, 15, 11, 17, 12, 12, 7, 11, 6, 7, 5, 6, 8, 5, 5, 4, 4, 8
Forage: 11, 15, 13, 16, 19, 15, 15, 19, 20, 14, 20, 15, 17, 17, 15, 8, 10, 13, 9, 5, 8, 13, 2, 8, 8, 10
Forage: 18, 17, 19, 18, 19, 16, 14, 13, 10, 18, 12, 15, 15, 15, 10, 12, 13, 7, 2, 10, 10, 10, 6, 6, 7, 7, 4, 3, 9
Forage: 16, 14, 20, 17, 22, 17, 16, 17, 17, 15, 12, 9, 19, 12, 19, 13, 13, 8, 14, 6, 7, 7, 8, 6, 6, 5
Forage: 14, 20, 15, 19, 16, 13, 16, 19, 13, 12, 15, 14, 18, 9, 13, 12, 11, 13, 14, 11, 8, 6, 9, 5, 8, 5, 7
Forage: 13, 15, 22, 13, 18, 20, 21, 20, 22, 20, 17, 14, 12, 15, 9, 13, 9, 10, 6, 11, 8, 6, 7, 8, 7
Forage: 17, 16, 21, 12, 20, 17, 16, 13, 19, 14, 14, 15, 14, 13, 15, 8, 9, 14, 8, 10, 8, 8, 7, 8, 10
Forage: 18, 18, 21, 14, 13, 17, 18, 13, 17, 16, 14, 13, 11, 7, 11, 14, 10, 15, 8, 8, 7, 5, 5, 9, 6, 11, 5, 5, 6
Forage: 15, 19, 17, 17, 13, 15, 19, 13, 15, 14, 13, 17, 19, 18, 11, 15, 11, 10, 11, 8, 5, 6, 4, 6, 9, 9, 6
Forage: 13, 16, 16, 22, 16, 17, 16, 16, 25, 16, 12, 19, 16, 12, 10, 16, 6, 11, 7, 10, 9, 8, 12, 8, 6
Forage: 14, 21, 18, 19, 13, 20, 21, 17, 13, 13, 19, 15, 10, 12, 7, 14, 6, 8, 13, 9, 8, 12, 8, 7, 5, 9
Forage: 9, 14, 16, 20, 19, 19, 15, 20, 18, 14, 16, 9, 20, 11, 14, 13, 13, 13, 8, 6, 13, 5, 7, 10, 9, 5
Forage: 14, 22, 21, 22, 15, 18, 12, 17, 14, 14, 13, 19, 16, 16, 18, 17, 10, 10, 10, 11, 9, 8, 4, 2
Forage: 13, 22, 19, 22, 21, 15, 18, 15, 15, 10, 18, 22, 16, 13, 9, 11, 6, 5, 8, 9, 7, 8, 4, 7, 7, 6, 7
Forage: 19, 14, 15, 21, 18, 12, 17, 17, 19, 16, 15, 20, 14, 13, 11, 9, 17, 17, 8, 8, 6, 12, 8, 8
Forage: 14, 18, 15, 19, 15, 17, 16, 18, 15, 20, 13, 16, 9, 16, 11, 16, 10, 8, 13, 10, 13, 8, 10, 3, 7
Forage: 11, 17, 15, 17, 21, 11, 12, 12, 26, 19, 15, 18, 15, 22, 11, 14, 12, 16, 8, 10, 6, 9, 9, 6
Forage: 11, 16, 21, 19, 18, 14, 16, 13, 12, 13, 12, 12, 10, 13, 13, 7, 8, 6, 10, 15, 16, 11, 10, 11, 8, 12, 7
Forage: 14, 15, 19, 16, 19, 17, 16, 20, 17, 18, 13, 16, 14, 12, 12, 16, 14, 12, 11, 13, 10, 12, 5, 6
Forage: 12, 20, 13, 25, 18, 14, 15, 14, 13, 9, 10, 14, 13, 11, 12, 9, 11, 7, 12, 8, 7, 11, 10, 11, 5, 7, 7, 3, 7, 7
Forage: 13, 16, 16, 17, 15, 15, 12, 14, 13, 18, 22, 19, 18, 16, 15, 17, 10, 17, 12, 11, 9, 12, 7
Forage: 13, 13, 13, 22, 12, 16, 19, 17, 13, 13, 16, 15, 17, 11, 12, 13, 12, 9, 12, 6, 8, 5, 7, 6, 4, 8, 6, 4, 8, 2, 3
Forage: 15, 17, 13, 17, 12, 15, 22, 22, 14, 16, 23, 14, 16, 13, 8, 8, 11, 8, 9, 11, 7, 5, 10, 8, 4, 10
Forage: 13, 14, 22, 17, 17, 19, 17, 19, 17, 17, 12, 14, 10, 13, 9, 11, 12, 15, 11, 12, 10, 5, 10, 4, 9, 7
Forage: 14, 18, 13, 19, 17, 17, 16, 17, 14, 18, 15, 14, 16, 13, 19, 14, 10, 11, 9, 7, 5, 8, 8, 9, 9, 6
Forage: 16, 25, 20, 13, 19, 17, 18, 13, 15, 16, 13, 14, 15, 10, 11, 11, 15, 8, 13, 7, 10, 8, 10, 6, 5, 5
Forage: 13, 22, 23, 15, 15, 16, 17, 16, 12, 12, 16, 19, 16, 16, 11, 9, 7, 10, 10, 11, 7, 6, 4, 6, 12, 9, 7
Forage: 14, 21, 19, 18, 14, 12, 20, 18, 17, 15, 16, 14, 11, 13, 18, 13, 15, 11, 12, 6, 7, 8, 8, 6, 8
