4962
4908
5275
5399
5483
5075
5428
5367
4876
5088
5546
5212
5712
5632
5111
5339
4872
4758
5848
5622
5624
5332
5487
4877
4823
5866
4676
5385
6029
4932
5099
4820
5166
5353
4745
5071
5587
4795
5063
5338
5595
5835
5372
5771
5267
5769
5020
4705
5436
5259
5622
4781
4952
5039
5527
5369
5168
4992
5356
5054
5462
5141
5399
4866
5178
5102
4562
5271
4865
5276
5387
4833
5269
5778
4716
5180
5435
4976
4900
5206
5428
5439
5192
5332
4986
5179
5502
5396
5274
5268
5549
4864
5196
4989
5036
5248
4893
4817
5182
5469
