Forage: 18, 26, 17, 23, 21, 23, 21, 20, 21, 17, 17, 17, 15, 15, 17, 14, 12, 10, 11
Forage: 20, 27, 16, 25, 21, 23, 19, 18, 18, 19, 20, 18, 19, 18, 17, 9, 12, 16
Forage: 21, 19, 19, 19, 15, 21, 14, 21, 18, 18, 16, 17, 14, 16, 15, 15, 16, 10, 13, 13
Forage: 18, 25, 21, 15, 14, 21, 21, 15, 19, 18, 15, 16, 18, 18, 12, 11, 8, 10, 9, 13, 9
Forage: 13, 23, 17, 22, 13, 20, 20, 16, 20, 17, 16, 14, 17, 16, 11, 14, 16, 11, 13, 14, 7
Forage: 18, 24, 17, 23, 20, 19, 16, 23, 23, 18, 16, 19, 19, 16, 12, 14, 18, 12, 10
Forage: 21, 20, 19, 18, 16, 20, 18, 17, 13, 14, 22, 12, 15, 17, 14, 13, 12, 13, 10, 10, 16
Forage: 19, 23, 17, 22, 18, 20, 16, 17, 19, 16, 18, 18, 20, 18, 14, 16, 12, 15, 15
Forage: 22, 20, 23, 19, 14, 19, 17, 20, 11, 17, 12, 16, 14, 16, 10, 14, 11, 11, 14, 15, 7, 10
Forage: 22, 24, 20, 21, 19, 18, 14, 16, 18, 16, 16, 14, 14, 17, 14, 17, 12, 15, 12, 14
Forage: 20, 22, 22, 18, 22, 15, 23, 17, 13, 17, 16, 16, 17, 16, 17, 12, 11, 18, 12, 10
Forage: 18, 21, 15, 18, 22, 18, 21, 25, 18, 14, 20, 17, 16, 17, 11, 10, 15, 10, 11, 8, 11
Forage: 21, 18, 16, 15, 16, 18, 19, 20, 14, 21, 18, 21, 21, 17, 14, 12, 15, 12, 12, 9
Forage: 12, 22, 17, 18, 16, 19, 17, 18, 15, 23, 18, 15, 13, 11, 15, 14, 11, 15, 11, 9, 13, 8
Forage: 23, 24, 19, 17, 18, 15, 17, 14, 14, 16, 12, 17, 15, 17, 11, 17, 11, 14, 15, 11, 14
Forage: 14, 25, 20, 20, 24, 23, 19, 17, 16, 19, 16, 21, 14, 12, 23, 12, 16, 14, 12
Forage: 16, 22, 20, 18, 22, 15, 21, 19, 15, 18, 15, 18, 16, 18, 16, 16, 11, 13, 15, 9
Forage: 17, 18, 20, 23, 20, 19, 19, 24, 11, 24, 13, 18, 17, 13, 13, 16, 12, 7, 18, 8
Forage: 19, 21, 20, 23, 19, 24, 18, 12, 18, 15, 16, 15, 9, 12, 15, 15, 14, 14, 8, 10, 11, 6
Forage: 15, 28, 20, 18, 19, 12, 18, 15, 13, 22, 15, 21, 18, 10, 15, 11, 13, 11, 16, 9, 11
Forage: 19, 18, 15, 22, 19, 18, 19, 15, 17, 11, 18, 18, 12, 15, 14, 18, 15, 13, 11, 14, 12
Forage: 22, 20, 21, 16, 20, 12, 17, 17, 14, 16, 16, 15, 13, 10, 14, 13, 10, 16, 11, 13, 11, 12, 8
Forage: 19, 19, 16, 21, 17, 17, 20, 18, 16, 18, 20, 15, 15, 17, 13, 15, 9, 20, 13, 9
Forage: 25, 23, 14, 24, 19, 18, 21, 18, 13, 16, 17, 16, 15, 17, 14, 8, 9, 6, 12, 9, 12, 8
Forage: 18, 25, 19, 17, 19, 17, 18, 14, 20, 16, 14, 13, 17, 11, 12, 16, 12, 13, 10, 16, 12
Forage: 24, 20, 22, 22, 21, 20, 22, 21, 17, 17, 19, 12, 19, 10, 18, 17, 12, 13, 8
Forage: 17, 21, 18, 22, 23, 19, 21, 14, 18, 14, 20, 15, 18, 19, 14, 17, 11, 14, 13
Forage: 20, 23, 21, 18, 19, 16, 19, 17, 14, 18, 19, 16, 18, 16, 13, 18, 11, 16, 10, 11
Forage: 19, 21, 22, 20, 19, 17, 26, 16, 22, 12, 19, 15, 19, 16, 13, 12, 14, 12, 11, 10
Forage: 20, 16, 22, 19, 22, 21, 18, 20, 21, 19, 17, 18, 11, 13, 16, 14, 12, 12, 5, 13, 7
Forage: 17, 22, 19, 14, 23, 18, 21, 20, 15, 21, 12, 19, 20, 12, 18, 16, 11, 14, 10, 12
Forage: 19, 23, 19, 23, 22, 19, 20, 18, 22, 17, 14, 17, 17, 15, 13, 11, 10, 12, 12, 8
Forage: 18, 21, 22, 18, 21, 14, 21, 18, 18, 15, 18, 18, 13, 15, 14, 13, 10, 14, 10, 11, 11
Forage: 18, 22, 22, 19, 20, 20, 23, 17, 20, 17, 14, 14, 9, 15, 18, 18, 9, 18, 10
Forage: 22, 24, 18, 17, 23, 14, 24, 9, 19, 15, 15, 18, 12, 14, 12, 18, 11, 16, 10, 11, 14
Forage: 17, 21, 17, 20, 21, 15, 18, 19, 21, 18, 15, 20, 12, 15, 14, 8, 10, 15, 14, 14, 8
Forage: 18, 22, 21, 22, 16, 21, 16, 16, 17, 18, 17, 13, 17, 19, 12, 17, 11, 14, 12, 8
Forage: 25, 23, 19, 18, 19, 23, 15, 17, 21, 18, 18, 19, 18, 10, 15, 14, 12, 9, 13, 11
Forage: 19, 18, 16, 20, 25, 14, 19, 19, 18, 15, 18, 15, 14, 16, 16, 15, 13, 9, 8, 10, 9, 6
Forage: 25, 23, 22, 20, 21, 18, 22, 16, 19, 18, 16, 15, 17, 16, 14, 13, 10, 11, 12, 7
Forage: 20, 24, 19, 20, 13, 21, 17, 12, 17, 14, 14, 16, 17, 14, 13, 12, 17, 14, 11, 18, 10
Forage: 16, 23, 20, 24, 19, 16, 12, 20, 14, 16, 16, 15, 16, 12, 12, 14, 16, 10, 15, 7, 5, 11, 6
Forage: 24, 17, 19, 18, 18, 20, 22, 14, 16, 18, 20, 18, 15, 14, 15, 15, 5, 14, 10, 10, 13
Forage: 17, 28, 18, 21, 21, 18, 16, 21, 21, 17, 18, 17, 16, 15, 11, 13, 14, 11, 16
Forage: 16, 26, 15, 18, 19, 19, 13, 23, 17, 18, 18, 17, 12, 15, 20, 10, 17, 16, 10, 14
Forage: 12, 23, 24, 15, 24, 16, 19, 18, 19, 18, 16, 18, 18, 16, 14, 19, 8, 15, 14, 5
Forage: 18, 18, 26, 16, 19, 13, 15, 8, 14, 15, 13, 15, 21, 10, 20, 13, 12, 10, 13, 12, 16, 10, 5
Forage: 20, 18, 21, 24, 18, 24, 22, 18, 20, 17, 16, 13, 18, 13, 18, 9, 15, 11, 12
Forage: 19, 22, 19, 22, 18, 21, 14, 24, 20, 18, 17, 16, 18, 18, 11, 13, 14, 12, 14
Forage: 18, 21, 23, 16, 21, 20, 20, 17, 12, 25, 15, 16, 19, 12, 17, 14, 14, 13, 12, 10
