5511
7242
6605
6139
5796
5848
5693
6482
5932
6474
6745
5956
7280
6015
6040
6329
6704
5859
6408
6495
5844
6432
6025
6524
6762
5725
5888
6426
6666
6158
5991
5748
5812
6266
6296
6348
5999
6551
7150
6304
6247
6647
5555
6486
6517
5696
5885
5683
5711
6168
5377
6358
6197
6566
5759
5926
6209
6693
5596
7034
6873
5438
6542
5836
6453
5827
6137
5785
6229
5808
6353
6277
6517
6252
6944
6268
6488
5988
6117
6908
6489
6069
6337
6233
5879
6493
5818
6064
5849
6411
5687
7191
5521
7495
6368
6216
6303
6346
6396
5999
