Forage: 21, 27, 22, 23, 14, 19, 23, 13, 17, 12, 14, 16, 21, 11, 8, 10, 15, 11, 7, 12, 5, 9, 6
Forage: 17, 24, 16, 17, 19, 16, 18, 20, 19, 14, 15, 17, 17, 9, 13, 13, 11, 10, 14, 7, 10, 6, 5, 5
Forage: 23, 18, 12, 21, 22, 17, 17, 16, 15, 19, 11, 13, 18, 17, 16, 10, 8, 10, 13, 14, 13, 9, 5
Forage: 19, 18, 17, 20, 17, 22, 17, 11, 21, 10, 16, 12, 16, 9, 12, 11, 11, 10, 13, 7, 11, 15, 11, 6, 5
Forage: 17, 17, 21, 23, 20, 15, 22, 17, 19, 15, 15, 12, 17, 13, 10, 12, 15, 7, 16, 8, 9, 6, 6
Forage: 19, 21, 22, 20, 18, 16, 14, 15, 18, 17, 17, 13, 13, 16, 11, 14, 9, 15, 8, 16, 9, 6, 6
Forage: 17, 21, 19, 17, 16, 17, 14, 15, 20, 19, 17, 21, 15, 14, 13, 18, 10, 9, 10, 12, 7, 10
Forage: 30, 24, 21, 21, 23, 16, 15, 17, 16, 10, 16, 13, 14, 13, 10, 12, 10, 13, 11, 9, 4, 8, 10
Forage: 18, 22, 24, 19, 21, 19, 17, 18, 15, 19, 15, 17, 15, 9, 15, 13, 13, 9, 11, 7, 11
Forage: 17, 22, 22, 21, 19, 18, 17, 17, 17, 11, 13, 10, 13, 13, 11, 13, 13, 8, 13, 6, 6, 6, 8, 6, 10, 4
Forage: 19, 24, 24, 17, 17, 19, 12, 15, 18, 18, 14, 16, 13, 16, 12, 13, 10, 13, 7, 6, 12, 11, 7, 4
Forage: 15, 17, 17, 18, 19, 16, 17, 15, 17, 16, 21, 13, 11, 21, 12, 12, 14, 15, 6, 10, 9, 8, 9
Forage: 18, 21, 22, 23, 20, 24, 12, 16, 11, 18, 13, 15, 13, 16, 13, 9, 15, 14, 7, 14, 13, 8
Forage: 19, 21, 16, 18, 19, 16, 18, 16, 13, 21, 18, 14, 14, 13, 9, 16, 12, 12, 10, 10, 10, 7, 11
Forage: 16, 25, 19, 22, 17, 14, 14, 16, 16, 16, 15, 14, 13, 12, 12, 8, 11, 9, 10, 14, 12, 8, 5, 8, 6
Forage: 21, 19, 19, 20, 16, 18, 16, 20, 15, 17, 16, 19, 12, 12, 9, 13, 9, 12, 11, 11, 7, 8, 7, 8
Forage: 25, 18, 24, 15, 19, 21, 22, 20, 18, 15, 8, 17, 11, 12, 10, 12, 10, 11, 18, 7, 8, 9, 4
Forage: 13, 23, 19, 19, 16, 17, 22, 12, 12, 17, 16, 18, 15, 12, 15, 21, 11, 13, 13, 11, 10, 8
Forage: 17, 23, 24, 20, 20, 15, 13, 14, 16, 16, 15, 13, 14, 10, 16, 6, 13, 15, 10, 11, 3, 7, 8, 4, 5, 9
Forage: 27, 20, 21, 23, 21, 21, 12, 14, 15, 17, 16, 16, 18, 16, 12, 13, 16, 8, 8, 6, 7, 5, 4
Forage: 15, 18, 21, 23, 19, 9, 15, 18, 16, 16, 17, 18, 18, 14, 15, 10, 9, 14, 12, 10, 11, 9, 6
Forage: 23, 23, 27, 21, 21, 22, 15, 19, 19, 21, 19, 15, 14, 17, 9, 11, 13, 5, 9, 8
Forage: 14, 16, 17, 17, 14, 20, 19, 18, 20, 17, 19, 18, 13, 16, 14, 10, 11, 6, 10, 11, 8, 7, 10, 10
Forage: 16, 22, 22, 22, 21, 16, 21, 20, 16, 20, 19, 14, 16, 13, 12, 9, 9, 10, 6, 6, 7, 6, 7, 5
Forage: 30, 23, 23, 18, 17, 20, 13, 13, 15, 17, 15, 13, 13, 13, 19, 7, 12, 10, 7, 9, 7, 4, 9, 7, 3
Forage: 20, 19, 20, 16, 22, 13, 19, 17, 17, 11, 13, 14, 10, 17, 19, 16, 11, 11, 12, 9, 13, 8, 6
Forage: 16, 21, 19, 21, 23, 14, 15, 15, 17, 19, 18, 13, 10, 17, 16, 12, 15, 13, 11, 10, 4, 8, 9
Forage: 22, 19, 22, 16, 20, 21, 17, 19, 20, 15, 13, 18, 14, 14, 17, 10, 7, 8, 13, 6, 10, 9, 4
Forage: 17, 22, 21, 20, 22, 16, 14, 18, 19, 14, 20, 11, 16, 9, 11, 14, 8, 13, 6, 8, 10, 6, 8, 7, 6
Forage: 20, 16, 22, 19, 23, 12, 18, 17, 14, 22, 18, 17, 15, 8, 6, 11, 11, 15, 7, 15, 8, 10, 9
Forage: 23, 25, 23, 20, 20, 21, 17, 13, 15, 14, 18, 9, 13, 18, 8, 12, 10, 11, 10, 12, 8, 9
Forage: 20, 24, 13, 15, 13, 22, 18, 19, 12, 19, 19, 13, 9, 14, 13, 17, 12, 8, 7, 15, 12, 11, 8
Forage: 26, 24, 23, 20, 14, 20, 21, 19, 22, 19, 14, 18, 13, 10, 11, 12, 13, 10, 11, 3, 8
Forage: 14, 19, 24, 17, 23, 19, 19, 17, 19, 20, 17, 15, 21, 14, 12, 7, 11, 11, 8, 8, 9, 10
Forage: 18, 21, 17, 16, 17, 12, 21, 16, 16, 12, 17, 14, 18, 15, 10, 14, 12, 16, 11, 13, 11, 6, 6, 7
Forage: 15, 19, 20, 25, 15, 24, 15, 16, 14, 20, 12, 13, 12, 13, 15, 8, 15, 11, 13, 11, 14, 5, 8
Forage: 19, 22, 14, 19, 17, 14, 18, 17, 14, 23, 19, 13, 12, 11, 17, 11, 12, 9, 14, 13, 5, 9, 8, 7
Forage: 15, 24, 18, 16, 19, 15, 25, 14, 14, 18, 14, 13, 12, 9, 11, 12, 10, 9, 8, 13, 5, 12, 10, 8, 8
Forage: 28, 23, 20, 18, 18, 15, 15, 16, 21, 18, 11, 15, 11, 14, 18, 16, 7, 10, 11, 14, 11, 7
Forage: 25, 17, 26, 16, 22, 18, 13, 17, 18, 15, 12, 14, 14, 11, 14, 12, 11, 8, 11, 10, 12, 9, 7, 3
Forage: 16, 18, 21, 25, 19, 21, 21, 15, 14, 15, 17, 13, 13, 13, 13, 8, 11, 11, 9, 11, 11, 13
Forage: 12, 20, 19, 23, 23, 15, 18, 18, 17, 19, 21, 14, 13, 12, 17, 14, 9, 11, 10, 9, 9, 5, 8
Forage: 22, 20, 26, 24, 24, 18, 19, 20, 18, 9, 15, 14, 8, 10, 11, 14, 12, 7, 7, 9, 6, 7, 6, 8
Forage: 26, 25, 16, 20, 23, 12, 20, 18, 14, 14, 14, 18, 12, 10, 16, 7, 13, 10, 8, 5, 10, 5, 9, 6, 4
Forage: 16, 19, 23, 20, 22, 18, 11, 13, 20, 14, 14, 17, 13, 9, 12, 13, 11, 9, 9, 11, 11, 4, 11, 7, 5
Forage: 23, 22, 24, 23, 22, 20, 23, 16, 12, 12, 13, 11, 18, 14, 9, 13, 14, 10, 11, 9, 8, 7
Forage: 14, 24, 23, 21, 21, 19, 18, 19, 19, 11, 14, 16, 14, 7, 8, 15, 7, 7, 6, 7, 10, 7, 3, 5, 10, 7
Forage: 18, 28, 24, 17, 20, 19, 24, 20, 16, 15, 15, 13, 13, 9, 10, 12, 4, 5, 7, 10, 9, 11, 7, 7
Forage: 24, 26, 24, 19, 11, 16, 12, 17, 13, 16, 14, 13, 14, 14, 11, 14, 6, 12, 9, 8, 10, 8, 10, 6, 10
Forage: 15, 18, 25, 19, 22, 18, 15, 10, 19, 20, 18, 12, 18, 11, 11, 13, 12, 15, 7, 12, 6, 7, 9
Forage: 18, 15, 22, 22, 19, 18, 20, 17, 18, 17, 20, 12, 17, 15, 15, 18, 10, 12, 14, 7, 4
Forage: 31, 17, 19, 15, 17, 19, 13, 19, 15, 17, 17, 14, 16, 7, 14, 12, 12, 11, 8, 13, 12, 8, 8
Forage: 20, 23, 17, 19, 14, 20, 21, 18, 13, 11, 14, 22, 16, 14, 17, 10, 12, 10, 11, 11, 7, 6, 6
Forage: 23, 19, 31, 24, 20, 18, 18, 20, 21, 18, 16, 10, 10, 15, 14, 10, 14, 9, 10, 12
Forage: 19, 24, 22, 17, 16, 21, 19, 16, 21, 15, 19, 17, 15, 12, 14, 7, 10, 10, 6, 9, 9, 6, 11
Forage: 26, 23, 19, 18, 28, 19, 20, 14, 16, 15, 16, 9, 14, 10, 17, 18, 8, 9, 9, 7, 10, 8
Forage: 26, 22, 19, 16, 16, 16, 17, 19, 21, 15, 13, 14, 15, 13, 11, 17, 14, 6, 9, 7, 8, 3, 8, 6, 4
Forage: 15, 19, 24, 20, 20, 21, 20, 17, 17, 14, 20, 18, 16, 13, 14, 10, 13, 7, 10, 13, 10
Forage: 15, 19, 22, 25, 20, 17, 18, 15, 12, 14, 19, 12, 13, 17, 13, 11, 9, 8, 13, 10, 12, 10, 8
Forage: 30, 19, 22, 18, 22, 15, 20, 17, 16, 13, 19, 19, 13, 11, 11, 11, 8, 15, 7, 14, 10
Forage: 18, 23, 18, 21, 25, 17, 17, 11, 17, 16, 15, 16, 14, 15, 8, 12, 10, 16, 10, 13, 6, 9, 5
Forage: 13, 22, 14, 22, 19, 16, 13, 14, 14, 15, 16, 14, 14, 14, 14, 13, 9, 11, 13, 14, 11, 7, 10, 2, 5, 6
Forage: 21, 24, 23, 16, 16, 21, 21, 15, 21, 12, 15, 15, 11, 25, 8, 13, 12, 10, 6, 2, 11, 7, 6, 6
Forage: 17, 25, 17, 17, 22, 14, 14, 20, 20, 15, 16, 16, 15, 16, 11, 11, 7, 9, 8, 6, 10, 7, 10, 8
Forage: 23, 25, 20, 26, 27, 12, 16, 20, 19, 17, 18, 14, 10, 12, 12, 10, 13, 10, 8, 5, 8, 6
Forage: 19, 15, 24, 18, 16, 23, 17, 21, 15, 24, 21, 14, 12, 13, 15, 8, 14, 12, 14, 13, 4, 4
Forage: 16, 24, 19, 22, 23, 20, 19, 24, 15, 14, 15, 17, 16, 13, 13, 12, 10, 9, 9, 8, 4, 6, 6
Forage: 20, 20, 14, 22, 18, 21, 22, 15, 15, 14, 17, 14, 13, 14, 10, 12, 8, 9, 13, 8, 10, 7, 8, 9
Forage: 17, 24, 25, 23, 20, 20, 24, 22, 18, 16, 14, 20, 11, 13, 7, 15, 13, 9, 9, 9, 6
Forage: 16, 29, 23, 17, 18, 20, 19, 19, 11, 21, 13, 13, 14, 9, 14, 7, 10, 10, 11, 11, 15, 9, 5
Forage: 26, 30, 18, 20, 13, 19, 19, 15, 19, 13, 14, 16, 14, 10, 15, 12, 15, 13, 11, 14
Forage: 26, 20, 20, 15, 24, 13, 13, 16, 15, 19, 15, 20, 16, 14, 11, 15, 9, 11, 7, 9, 7, 6, 5, 5
Forage: 24, 19, 15, 17, 23, 17, 13, 21, 18, 13, 22, 17, 14, 17, 12, 12, 7, 9, 8, 13, 8, 7, 4, 6
Forage: 23, 15, 25, 17, 21, 20, 16, 16, 15, 16, 18, 18, 11, 17, 8, 7, 11, 11, 8, 9, 4, 3, 7, 7, 5, 5
Forage: 17, 25, 27, 22, 25, 18, 18, 17, 14, 18, 17, 12, 19, 8, 11, 12, 13, 9, 11, 4, 5, 8, 2
Forage: 18, 18, 20, 18, 17, 24, 13, 18, 20, 13, 21, 13, 12, 15, 16, 12, 12, 12, 8, 11, 7, 9, 5
Forage: 21, 21, 27, 17, 17, 22, 14, 23, 13, 20, 10, 10, 10, 19, 17, 12, 18, 8, 13, 11, 9, 3
Forage: 20, 26, 22, 27, 22, 10, 18, 13, 16, 16, 17, 15, 15, 17, 12, 9, 15, 11, 10, 11, 12
Forage: 24, 20, 29, 19, 22, 17, 15, 10, 15, 16, 16, 11, 16, 14, 11, 16, 12, 13, 10, 9, 9, 10
Forage: 22, 25, 20, 23, 22, 21, 21, 12, 17, 13, 10, 15, 14, 10, 16, 14, 9, 10, 12, 10, 9, 3, 7
Forage: 19, 22, 24, 20, 17, 16, 21, 15, 21, 14, 15, 15, 11, 10, 14, 13, 8, 10, 9, 11, 8, 7, 6, 6, 4
Forage: 16, 19, 24, 21, 26, 21, 24, 18, 15, 21, 18, 15, 13, 15, 10, 11, 15, 8, 13, 6, 7
Forage: 18, 17, 25, 22, 19, 22, 18, 17, 15, 20, 18, 14, 11, 14, 7, 16, 9, 11, 4, 12, 11, 9, 5
Forage: 20, 20, 21, 21, 19, 16, 17, 14, 22, 20, 16, 18, 12, 13, 13, 8, 10, 12, 10, 4, 7, 7, 7
Forage: 17, 22, 29, 23, 24, 15, 17, 23, 18, 19, 20, 12, 16, 10, 10, 8, 10, 8, 8, 7, 12, 9
Forage: 21, 22, 16, 15, 15, 18, 21, 25, 13, 14, 19, 17, 13, 10, 14, 14, 12, 11, 12, 9, 7, 6, 9
Forage: 22, 18, 26, 22, 16, 17, 17, 16, 20, 20, 15, 16, 12, 9, 12, 14, 10, 5, 8, 13, 7, 11, 6
Forage: 10, 19, 21, 20, 19, 20, 14, 12, 16, 21, 12, 14, 17, 13, 9, 13, 10, 13, 15, 8, 10, 5, 10, 5, 8
Forage: 15, 21, 24, 20, 18, 14, 21, 16, 15, 16, 12, 20, 13, 11, 13, 15, 11, 12, 9, 10, 7, 9, 5, 7
Forage: 35, 29, 20, 25, 20, 18, 23, 15, 17, 12, 12, 11, 10, 16, 12, 17, 9, 9, 9, 6, 6, 6
Forage: 18, 21, 18, 15, 22, 22, 18, 16, 13, 12, 14, 17, 16, 11, 12, 10, 9, 10, 11, 12, 10, 11, 8, 10
Forage: 16, 19, 21, 22, 19, 25, 19, 11, 19, 18, 16, 15, 13, 16, 15, 13, 13, 12, 10, 10, 7, 5
Forage: 25, 26, 23, 28, 26, 25, 12, 16, 19, 14, 15, 17, 14, 11, 12, 14, 7, 14, 4, 8
Forage: 17, 18, 26, 24, 21, 18, 19, 16, 20, 16, 17, 15, 11, 11, 13, 8, 8, 10, 11, 8, 10, 10, 8
Forage: 25, 29, 18, 20, 24, 19, 16, 23, 14, 12, 20, 11, 17, 16, 10, 12, 11, 9, 8, 7, 12
Forage: 20, 17, 21, 22, 21, 22, 16, 11, 15, 15, 17, 12, 15, 15, 19, 9, 9, 8, 10, 9, 8, 7, 10, 3
Forage: 20, 25, 21, 14, 22, 19, 17, 13, 17, 14, 16, 10, 12, 11, 7, 14, 11, 7, 10, 12, 10, 7, 7, 3, 12
Forage: 13, 17, 20, 16, 23, 19, 11, 20, 16, 17, 14, 16, 12, 18, 17, 13, 13, 16, 9, 14, 10, 7
Forage: 22, 24, 20, 18, 21, 20, 22, 22, 13, 13, 14, 15, 14, 13, 6, 14, 12, 9, 11, 9, 6, 6, 5, 8
Forage: 13, 16, 18, 20, 21, 18, 23, 14, 16, 14, 17, 11, 14, 12, 13, 14, 10, 13, 19, 11, 10, 9, 9, 2
