3891
4038
4122
4291
4245
4517
4444
4213
3973
4050
4607
4623
4103
4437
4826
4346
4072
4598
4360
4339
4500
4678
4890
4112
4957
4574
4537
4156
4314
4600
4391
4297
4393
4435
4063
4440
4314
4531
4030
4407
4538
4032
4396
4184
4460
4696
4425
4567
4331
4825
4195
4467
4561
3759
4194
3857
4110
4383
4021
4129
4576
4133
4400
4424
4104
4367
4712
3990
4506
4392
4032
4462
4206
4923
3921
4809
5221
4486
4458
4677
4513
4521
4214
4175
4452
4492
4563
4477
4209
4128
4461
4413
4498
4297
4501
4708
4294
4367
4406
4385
