Forage: 33, 31, 26, 24, 27, 25, 26, 21, 14, 21, 16, 16, 12, 18, 15, 10
Forage: 26, 28, 33, 27, 30, 30, 21, 26, 21, 22, 18, 18, 16, 14
Forage: 29, 29, 28, 25, 26, 22, 18, 22, 19, 19, 20, 18, 18, 16, 15, 13
Forage: 28, 30, 33, 31, 29, 27, 23, 22, 27, 13, 19, 17, 15, 12
Forage: 24, 34, 22, 33, 30, 25, 25, 20, 21, 18, 17, 19, 13, 16, 15
Forage: 31, 26, 26, 30, 25, 29, 24, 17, 27, 23, 17, 15, 15, 14, 10
Forage: 23, 26, 26, 28, 24, 28, 20, 25, 28, 20, 17, 17, 18, 15, 14
Forage: 29, 18, 24, 24, 22, 22, 22, 25, 21, 19, 27, 16, 15, 14, 17, 14
Forage: 24, 27, 26, 25, 22, 28, 26, 22, 21, 18, 18, 16, 17, 16, 15, 9
Forage: 25, 31, 22, 23, 23, 24, 23, 21, 24, 18, 20, 16, 16, 14, 11, 14
Forage: 25, 25, 31, 32, 30, 25, 18, 17, 22, 21, 18, 16, 16, 18, 13
Forage: 30, 21, 25, 29, 31, 25, 17, 26, 17, 22, 18, 16, 17, 10, 10, 10
Forage: 27, 38, 23, 23, 28, 26, 22, 22, 18, 21, 24, 17, 14, 12, 15
Forage: 26, 24, 28, 28, 32, 20, 23, 26, 16, 12, 20, 20, 17, 15, 15, 14
Forage: 25, 29, 29, 30, 23, 22, 31, 23, 15, 14, 14, 19, 14, 20, 18, 10
Forage: 29, 33, 21, 24, 26, 23, 26, 21, 17, 25, 23, 22, 20, 6, 15
Forage: 25, 29, 29, 22, 31, 23, 22, 24, 20, 18, 15, 23, 21, 11, 17
Forage: 31, 29, 31, 24, 26, 19, 23, 24, 25, 20, 21, 16, 17, 10, 15
Forage: 26, 29, 28, 26, 27, 25, 24, 20, 21, 16, 21, 22, 15, 11, 19
Forage: 23, 31, 31, 24, 31, 24, 18, 21, 23, 16, 15, 16, 17, 19, 19
Forage: 25, 26, 27, 24, 23, 25, 20, 27, 21, 16, 21, 18, 17, 14, 12, 10, 10
Forage: 26, 25, 25, 32, 26, 24, 19, 23, 20, 24, 19, 18, 13, 19, 11, 12
Forage: 29, 24, 27, 32, 30, 19, 26, 18, 17, 24, 17, 17, 15, 22, 12
Forage: 25, 30, 33, 18, 27, 26, 24, 26, 25, 19, 14, 15, 15, 12, 14, 14
Forage: 25, 26, 27, 27, 23, 27, 25, 22, 24, 21, 22, 17, 18, 13, 14
Forage: 29, 31, 28, 22, 33, 20, 18, 23, 15, 14, 16, 25, 15, 19, 13, 16
Forage: 24, 32, 29, 24, 20, 23, 24, 22, 23, 27, 22, 14, 17, 13, 9
Forage: 27, 24, 21, 26, 18, 21, 19, 20, 19, 16, 18, 15, 19, 14, 20, 17, 15
Forage: 23, 24, 37, 27, 30, 29, 30, 26, 25, 17, 16, 22, 14, 17
Forage: 25, 25, 29, 26, 26, 25, 24, 25, 23, 16, 18, 17, 19, 14, 13
Forage: 24, 26, 19, 30, 24, 26, 19, 20, 23, 22, 25, 25, 21, 10, 10
Forage: 25, 31, 26, 29, 21, 22, 21, 25, 23, 21, 17, 16, 18, 15, 20
Forage: 28, 34, 22, 21, 19, 20, 21, 25, 24, 22, 17, 23, 15, 19, 14
Forage: 21, 26, 24, 24, 25, 24, 23, 17, 22, 24, 20, 21, 20, 24, 18
Forage: 23, 28, 28, 34, 27, 27, 25, 21, 19, 18, 19, 26, 18, 15
Forage: 24, 28, 29, 22, 25, 24, 18, 22, 23, 12, 15, 20, 19, 16, 17, 11
Forage: 27, 33, 28, 25, 20, 27, 21, 27, 23, 16, 18, 15, 16, 14, 14
Forage: 32, 27, 30, 23, 28, 23, 25, 18, 19, 18, 18, 17, 17, 22, 12
Forage: 24, 22, 30, 23, 26, 29, 26, 22, 23, 21, 15, 20, 23, 15
Forage: 29, 36, 31, 28, 23, 24, 23, 12, 18, 17, 20, 19, 18, 21, 14
Forage: 29, 27, 26, 24, 25, 26, 26, 20, 22, 21, 18, 20, 20, 12, 15
Forage: 33, 28, 25, 28, 22, 25, 25, 26, 18, 24, 18, 17, 19, 12, 14
Forage: 27, 24, 31, 30, 26, 26, 19, 25, 23, 28, 15, 18, 15, 16, 8
Forage: 30, 30, 28, 24, 23, 28, 21, 26, 16, 17, 18, 12, 13, 12, 15, 13
Forage: 30, 23, 26, 26, 23, 28, 20, 26, 23, 16, 20, 17, 13, 14, 13, 12
Forage: 25, 24, 27, 25, 22, 28, 25, 19, 19, 19, 23, 16, 16, 19, 13, 13
Forage: 27, 25, 28, 30, 24, 21, 21, 22, 23, 23, 16, 21, 16, 14, 10, 11
Forage: 30, 26, 31, 26, 21, 25, 21, 27, 15, 15, 17, 17, 19, 19, 11, 14
Forage: 22, 33, 24, 25, 24, 26, 22, 22, 25, 20, 21, 21, 14, 13, 12, 13
Forage: 21, 24, 28, 26, 29, 34, 21, 23, 23, 23, 13, 18, 13, 17, 14
