Forage: 11, 15, 18, 15, 14, 13, 10, 14, 14, 12, 12, 10, 17, 8, 14, 9, 14, 11, 10, 11, 11, 6, 11, 7, 9, 8, 8, 7, 8, 3
Forage: 14, 13, 17, 17, 13, 14, 13, 17, 10, 16, 8, 14, 9, 9, 8, 11, 15, 8, 9, 12, 7, 13, 9, 6, 9, 5, 8, 6, 7, 5, 5, 7
Forage: 12, 17, 16, 13, 14, 14, 13, 10, 15, 13, 12, 9, 13, 12, 13, 10, 10, 12, 11, 10, 10, 9, 7, 6, 7, 7, 9, 7, 7, 5, 5, 6
Forage: 13, 16, 19, 10, 18, 10, 15, 10, 12, 12, 8, 12, 8, 14, 9, 17, 11, 10, 9, 11, 9, 7, 12, 12, 8, 9, 3, 7, 11, 3, 8
Forage: 14, 7, 20, 15, 11, 13, 13, 15, 13, 11, 14, 11, 13, 9, 13, 12, 8, 11, 10, 10, 11, 11, 8, 10, 11, 5, 6, 7, 11, 8, 4
Forage: 10, 17, 7, 15, 11, 11, 18, 11, 12, 12, 11, 14, 7, 10, 10, 14, 11, 13, 9, 9, 14, 12, 12, 9, 11, 9, 11, 8, 5, 7, 6
Forage: 8, 14, 18, 17, 16, 10, 15, 13, 11, 13, 9, 12, 11, 5, 11, 7, 10, 6, 14, 9, 10, 4, 9, 7, 9, 10, 12, 9, 4, 6, 4, 5, 7, 5, 5
Forage: 12, 12, 12, 10, 13, 9, 17, 8, 11, 12, 9, 8, 13, 10, 10, 10, 14, 9, 11, 14, 9, 12, 8, 12, 9, 12, 6, 10, 7, 11, 2, 7, 3
Forage: 10, 15, 13, 10, 13, 13, 16, 9, 10, 13, 9, 11, 12, 6, 8, 8, 9, 16, 11, 12, 11, 6, 7, 8, 9, 10, 10, 8, 13, 9, 9, 7, 5
Forage: 13, 15, 17, 9, 20, 10, 17, 17, 16, 12, 14, 8, 11, 13, 11, 9, 14, 5, 8, 10, 9, 9, 7, 10, 8, 8, 8, 6, 6, 11, 3
Forage: 9, 16, 14, 15, 13, 13, 14, 10, 10, 11, 13, 10, 11, 11, 9, 13, 11, 14, 10, 11, 8, 16, 5, 11, 4, 10, 8, 6, 11, 7, 9
Forage: 11, 23, 9, 19, 11, 16, 14, 13, 10, 14, 11, 14, 10, 17, 6, 10, 8, 14, 6, 14, 9, 6, 13, 6, 10, 6, 8, 6, 9, 8
Forage: 14, 18, 18, 19, 13, 14, 13, 11, 13, 13, 13, 15, 14, 14, 12, 10, 12, 8, 10, 13, 12, 11, 8, 6, 7, 9, 7, 7, 2
Forage: 11, 16, 13, 18, 15, 12, 15, 11, 10, 14, 9, 11, 9, 13, 8, 11, 7, 14, 8, 7, 9, 9, 2, 13, 6, 11, 5, 4, 9, 11, 7, 5, 3, 6, 3
Forage: 15, 14, 15, 13, 18, 15, 12, 13, 12, 11, 13, 11, 6, 17, 11, 11, 9, 11, 8, 11, 11, 11, 7, 13, 10, 7, 5, 10, 4, 11
Forage: 10, 15, 16, 10, 9, 17, 16, 12, 14, 12, 10, 13, 6, 10, 10, 11, 11, 9, 8, 15, 8, 11, 12, 6, 4, 8, 8, 8, 6, 7, 6, 5, 7, 5, 1
Forage: 13, 14, 12, 16, 11, 12, 16, 13, 14, 13, 12, 12, 14, 13, 14, 9, 10, 8, 12, 4, 10, 15, 8, 10, 5, 13, 10, 10, 5, 6
Forage: 11, 15, 15, 14, 13, 16, 12, 12, 15, 13, 9, 16, 10, 16, 9, 9, 11, 10, 14, 4, 14, 6, 9, 9, 8, 8, 6, 12, 8, 7
Forage: 13, 20, 15, 11, 12, 12, 18, 8, 14, 8, 13, 12, 13, 9, 14, 9, 9, 11, 8, 13, 11, 8, 6, 10, 13, 8, 12, 3, 6, 8, 7, 2
Forage: 9, 16, 13, 16, 13, 13, 9, 17, 11, 12, 10, 12, 12, 9, 8, 8, 14, 10, 10, 9, 14, 7, 6, 8, 12, 7, 11, 8, 7, 9, 6, 6
Forage: 15, 16, 19, 11, 14, 14, 15, 15, 10, 13, 12, 9, 12, 10, 8, 15, 2, 15, 11, 7, 11, 8, 12, 6, 4, 13, 5, 8, 8, 6, 9
Forage: 11, 18, 12, 14, 14, 17, 12, 8, 14, 10, 13, 9, 14, 9, 14, 8, 12, 6, 11, 9, 8, 7, 6, 9, 6, 9, 13, 7, 11, 8, 3, 6, 7
Forage: 19, 18, 22, 12, 17, 6, 18, 10, 18, 16, 10, 14, 13, 13, 13, 11, 11, 10, 12, 4, 8, 11, 7, 8, 5, 8, 7, 6, 6
Forage: 17, 16, 15, 14, 13, 14, 7, 11, 12, 14, 6, 15, 16, 13, 11, 9, 10, 9, 6, 10, 7, 7, 6, 9, 11, 4, 7, 9, 8, 6, 10, 6, 5
Forage: 7, 17, 12, 14, 16, 5, 17, 6, 10, 14, 14, 10, 15, 10, 10, 12, 11, 12, 11, 8, 11, 12, 10, 13, 9, 8, 10, 8, 8, 3, 9
Forage: 11, 13, 12, 16, 11, 15, 11, 14, 14, 7, 17, 10, 12, 16, 10, 9, 9, 13, 9, 8, 12, 8, 10, 7, 11, 8, 8, 9, 6, 10, 3
Forage: 13, 14, 19, 13, 13, 10, 14, 13, 11, 13, 9, 17, 14, 11, 8, 14, 10, 9, 11, 10, 10, 9, 4, 8, 9, 8, 7, 12, 4, 7, 6, 5
Forage: 11, 13, 15, 13, 12, 13, 15, 10, 13, 11, 16, 11, 7, 11, 11, 9, 12, 8, 10, 11, 11, 8, 7, 8, 5, 10, 7, 5, 8, 4, 4, 6, 8, 6, 8
Forage: 14, 14, 15, 16, 13, 16, 10, 17, 10, 16, 9, 10, 10, 8, 9, 11, 10, 9, 9, 6, 12, 10, 8, 11, 7, 9, 9, 11, 10, 11
Forage: 9, 17, 11, 15, 16, 14, 10, 16, 15, 7, 12, 14, 10, 8, 12, 11, 10, 12, 6, 11, 12, 7, 12, 6, 7, 9, 5, 10, 12, 7, 7, 6
Forage: 15, 17, 17, 12, 19, 10, 14, 16, 8, 16, 12, 9, 16, 8, 12, 10, 11, 13, 11, 13, 8, 13, 5, 10, 9, 10, 8, 9, 6
Forage: 12, 15, 10, 16, 12, 13, 10, 13, 12, 9, 11, 12, 13, 13, 13, 9, 17, 5, 15, 8, 9, 10, 11, 8, 9, 7, 5, 7, 5, 8, 9, 5, 6
Forage: 10, 18, 13, 15, 15, 13, 11, 14, 12, 13, 13, 8, 12, 11, 9, 12, 9, 7, 10, 6, 11, 10, 8, 7, 10, 8, 7, 10, 4, 7, 6, 8, 5, 4
Forage: 11, 15, 12, 14, 15, 13, 15, 6, 12, 11, 11, 9, 15, 9, 12, 8, 8, 12, 10, 10, 9, 9, 10, 12, 8, 7, 3, 8, 4, 7, 7, 9, 9, 4
Forage: 9, 14, 12, 11, 17, 11, 9, 14, 13, 8, 14, 11, 7, 10, 11, 9, 9, 11, 15, 7, 16, 6, 14, 8, 9, 8, 4, 7, 8, 10, 5, 5, 6, 5
Forage: 11, 14, 18, 13, 12, 13, 17, 15, 8, 13, 12, 11, 13, 11, 15, 11, 9, 13, 6, 10, 8, 13, 12, 8, 10, 8, 7, 8, 2, 9, 5
Forage: 9, 17, 16, 14, 14, 12, 13, 15, 12, 14, 12, 13, 11, 14, 8, 12, 9, 11, 12, 10, 9, 7, 14, 7, 6, 9, 3, 6, 6, 7, 5, 8
Forage: 11, 17, 15, 12, 11, 13, 13, 10, 12, 9, 14, 10, 12, 13, 10, 8, 12, 10, 10, 10, 8, 8, 6, 11, 7, 10, 7, 12, 6, 9, 8, 3
Forage: 11, 19, 17, 17, 23, 13, 17, 9, 14, 12, 12, 13, 13, 8, 13, 7, 11, 10, 9, 11, 9, 6, 6, 12, 5, 8, 7, 5, 7, 3, 10
Forage: 17, 15, 20, 15, 17, 15, 16, 14, 11, 14, 11, 15, 14, 13, 10, 17, 9, 11, 6, 12, 6, 11, 4, 11, 5, 5, 6, 7, 6
Forage: 11, 14, 14, 12, 14, 8, 13, 15, 14, 12, 17, 12, 11, 10, 10, 13, 6, 9, 11, 10, 11, 6, 10, 9, 8, 11, 7, 7, 9, 7, 9, 5
Forage: 11, 15, 13, 13, 11, 17, 10, 14, 13, 8, 15, 10, 13, 10, 11, 9, 12, 10, 12, 11, 8, 12, 7, 12, 9, 10, 6, 5, 4, 4, 7, 4, 5, 5
Forage: 14, 18, 14, 13, 13, 19, 12, 10, 11, 14, 10, 15, 8, 14, 10, 9, 13, 8, 11, 11, 8, 7, 9, 8, 9, 4, 9, 5, 9, 8, 6, 6
Forage: 11, 14, 17, 10, 11, 11, 15, 8, 11, 13, 10, 11, 11, 11, 12, 11, 14, 12, 10, 11, 13, 10, 10, 13, 8, 12, 7, 13, 9, 4
Forage: 13, 13, 12, 13, 15, 12, 11, 15, 10, 10, 11, 11, 7, 14, 9, 6, 7, 12, 11, 12, 7, 16, 7, 7, 9, 9, 8, 7, 8, 11, 7, 10, 6
Forage: 8, 17, 13, 13, 15, 11, 13, 12, 13, 10, 9, 14, 7, 12, 4, 9, 13, 7, 11, 12, 5, 9, 6, 11, 11, 9, 4, 9, 3, 5, 9, 6, 8, 6, 6, 5
Forage: 11, 13, 16, 9, 11, 17, 9, 13, 15, 13, 14, 9, 15, 7, 11, 14, 9, 11, 9, 7, 8, 10, 7, 10, 9, 9, 7, 15, 5, 5, 5, 8
Forage: 14, 22, 15, 18, 16, 12, 18, 10, 13, 12, 13, 10, 14, 13, 11, 10, 7, 12, 8, 18, 4, 13, 10, 7, 7, 5, 5, 3, 1, 7, 4, 5
Forage: 9, 20, 10, 12, 13, 14, 11, 13, 7, 15, 8, 14, 12, 8, 14, 8, 8, 12, 10, 12, 11, 9, 11, 7, 13, 7, 8, 8, 10, 4, 6, 6
Forage: 12, 15, 19, 11, 12, 14, 10, 10, 9, 13, 14, 5, 14, 15, 13, 8, 11, 7, 10, 11, 10, 9, 7, 10, 5, 11, 5, 11, 5, 7, 11, 4, 9
Forage: 11, 11, 14, 13, 18, 16, 9, 12, 12, 11, 14, 15, 7, 16, 9, 16, 10, 16, 9, 12, 7, 9, 9, 7, 5, 5, 6, 7, 8, 4, 11, 7
Forage: 14, 17, 15, 15, 12, 13, 9, 13, 14, 10, 11, 13, 12, 12, 9, 12, 7, 13, 13, 10, 8, 7, 9, 7, 9, 8, 8, 8, 6, 9, 5, 4
Forage: 3, 18, 17, 15, 16, 13, 16, 12, 15, 14, 10, 5, 16, 6, 8, 17, 9, 11, 10, 11, 12, 12, 8, 9, 8, 5, 10, 5, 9, 7, 7
Forage: 14, 17, 17, 15, 12, 11, 16, 15, 8, 15, 9, 13, 6, 14, 10, 11, 14, 10, 15, 9, 9, 9, 7, 7, 5, 9, 11, 6, 7, 6, 7
Forage: 7, 20, 6, 17, 9, 15, 12, 12, 11, 14, 15, 9, 11, 8, 12, 9, 10, 7, 12, 8, 10, 8, 11, 6, 9, 6, 6, 9, 8, 5, 7, 6, 7, 6, 6
Forage: 14, 17, 14, 14, 16, 11, 12, 7, 16, 11, 14, 8, 7, 14, 9, 11, 10, 7, 13, 10, 11, 9, 5, 7, 11, 2, 12, 10, 6, 9, 4, 7, 2, 7
Forage: 14, 13, 11, 14, 12, 13, 13, 11, 10, 11, 11, 10, 10, 6, 10, 13, 9, 10, 10, 6, 11, 8, 7, 6, 11, 5, 5, 10, 8, 8, 7, 8, 5, 6, 7, 7
Forage: 12, 13, 12, 17, 13, 12, 11, 17, 7, 14, 9, 13, 10, 9, 12, 7, 11, 10, 8, 13, 9, 10, 10, 7, 13, 8, 6, 8, 5, 2, 10, 3, 6, 4, 6
Forage: 15, 13, 14, 12, 17, 12, 12, 14, 12, 6, 15, 14, 11, 11, 12, 12, 13, 10, 13, 13, 7, 9, 9, 8, 9, 8, 3, 6, 4, 8, 3, 5, 5
Forage: 12, 17, 12, 17, 15, 13, 15, 14, 11, 8, 15, 13, 9, 11, 11, 14, 11, 12, 10, 11, 8, 10, 14, 4, 12, 9, 6, 10, 7, 6
Forage: 9, 15, 11, 14, 11, 11, 12, 10, 11, 16, 9, 14, 11, 10, 13, 8, 14, 7, 15, 14, 5, 9, 10, 7, 8, 7, 7, 6, 13, 10, 8, 7, 5
Forage: 9, 19, 17, 14, 15, 12, 14, 13, 15, 15, 13, 15, 12, 16, 11, 12, 12, 7, 12, 11, 9, 9, 5, 10, 12, 7, 7, 7, 4, 3
Forage: 13, 14, 17, 18, 13, 14, 14, 12, 14, 13, 12, 15, 17, 9, 12, 10, 12, 10, 8, 9, 8, 13, 8, 10, 6, 6, 6, 4, 8, 6
Forage: 12, 16, 16, 12, 10, 15, 14, 11, 13, 12, 11, 10, 17, 10, 9, 10, 10, 10, 13, 10, 12, 11, 7, 12, 8, 11, 4, 10, 5, 8, 7
Forage: 8, 22, 18, 14, 14, 10, 10, 12, 9, 16, 11, 11, 11, 10, 8, 11, 11, 11, 8, 11, 8, 5, 12, 7, 12, 7, 8, 7, 4, 8, 4, 9, 4
Forage: 13, 13, 18, 8, 16, 12, 14, 15, 9, 14, 10, 8, 15, 9, 11, 10, 11, 8, 12, 7, 9, 7, 10, 10, 7, 6, 7, 6, 10, 6, 5, 3, 7, 6
Forage: 11, 15, 17, 12, 12, 15, 16, 15, 11, 16, 15, 11, 11, 11, 9, 11, 11, 9, 12, 7, 9, 11, 4, 10, 9, 10, 8, 8, 6, 4, 4, 3
Forage: 10, 14, 16, 15, 17, 15, 9, 12, 12, 14, 9, 12, 13, 12, 11, 14, 12, 10, 14, 11, 9, 13, 5, 10, 7, 12, 7, 8, 9
Forage: 10, 18, 13, 19, 15, 10, 15, 15, 13, 12, 13, 10, 8, 12, 10, 10, 13, 8, 16, 4, 10, 12, 9, 9, 12, 4, 12, 6, 5, 5, 9
Forage: 11, 19, 15, 12, 16, 12, 13, 14, 9, 8, 13, 8, 13, 6, 12, 8, 12, 9, 12, 10, 6, 11, 9, 11, 11, 6, 9, 11, 1, 12, 7, 9
Forage: 10, 14, 13, 19, 16, 14, 15, 13, 11, 9, 12, 15, 10, 12, 8, 11, 13, 8, 7, 8, 12, 9, 13, 7, 12, 9, 11, 9, 9, 4, 4
Forage: 14, 16, 16, 18, 16, 15, 17, 13, 12, 8, 15, 10, 10, 10, 14, 10, 11, 12, 10, 7, 6, 12, 6, 12, 9, 5, 10, 10, 5, 6
Forage: 10, 18, 15, 12, 10, 15, 8, 13, 14, 10, 11, 11, 7, 15, 7, 9, 8, 11, 9, 7, 12, 10, 13, 6, 8, 13, 8, 6, 6, 9, 9, 3, 4, 3, 5
Forage: 8, 13, 13, 16, 12, 15, 16, 15, 13, 17, 12, 11, 12, 8, 12, 9, 5, 15, 9, 10, 8, 10, 9, 9, 6, 11, 10, 7, 10, 8, 5
Forage: 11, 18, 14, 14, 11, 10, 12, 14, 9, 15, 15, 9, 16, 10, 10, 7, 12, 8, 9, 10, 10, 11, 7, 7, 11, 9, 3, 8, 5, 5, 6, 5, 5, 8, 3
Forage: 7, 18, 21, 13, 13, 13, 12, 7, 17, 7, 11, 11, 7, 12, 10, 10, 12, 12, 11, 9, 13, 5, 9, 10, 5, 13, 10, 7, 9, 6, 9, 7
Forage: 13, 13, 14, 13, 14, 8, 13, 12, 11, 12, 13, 12, 14, 11, 14, 12, 7, 14, 7, 11, 6, 8, 15, 7, 7, 3, 13, 6, 11, 9, 4, 5, 3
Forage: 9, 20, 14, 15, 15, 12, 13, 16, 14, 10, 9, 13, 8, 8, 15, 10, 7, 12, 12, 9, 9, 10, 6, 8, 6, 7, 9, 7, 12, 4, 7, 7, 3
Forage: 12, 19, 19, 12, 16, 13, 11, 14, 15, 12, 10, 11, 13, 11, 13, 11, 9, 12, 13, 10, 9, 10, 4, 2, 12, 6, 8, 7, 4, 7, 3
Forage: 10, 12, 16, 16, 16, 13, 12, 15, 22, 9, 12, 9, 10, 14, 11, 8, 8, 12, 9, 9, 13, 7, 11, 6, 8, 9, 8, 3, 6, 7, 11
Forage: 13, 20, 19, 14, 14, 8, 15, 11, 12, 13, 11, 10, 9, 6, 14, 12, 8, 9, 15, 10, 11, 7, 10, 11, 13, 7, 8, 8, 8, 8
Forage: 11, 18, 14, 19, 8, 14, 14, 11, 8, 15, 10, 7, 12, 14, 10, 11, 10, 13, 10, 8, 9, 8, 8, 4, 7, 8, 10, 7, 8, 2, 9, 10, 8
Forage: 11, 15, 14, 8, 17, 10, 13, 8, 10, 10, 16, 9, 9, 15, 6, 16, 10, 8, 8, 11, 11, 11, 9, 9, 7, 10, 8, 5, 9, 11, 5, 10, 8
Forage: 10, 10, 19, 14, 13, 12, 17, 13, 14, 11, 15, 15, 10, 11, 10, 7, 9, 13, 12, 7, 13, 7, 9, 9, 9, 6, 10, 7, 8, 6, 8
Forage: 8, 17, 12, 15, 10, 12, 12, 9, 11, 11, 11, 13, 9, 9, 12, 12, 8, 11, 7, 12, 8, 15, 10, 7, 12, 9, 10, 7, 4, 6, 6, 4, 4, 6, 8
Forage: 10, 10, 14, 11, 14, 12, 15, 10, 11, 14, 10, 11, 13, 8, 9, 8, 10, 13, 12, 8, 10, 12, 9, 11, 13, 5, 11, 6, 10, 7, 11, 6, 2
Forage: 9, 19, 16, 15, 14, 12, 17, 9, 15, 11, 10, 11, 15, 8, 15, 9, 11, 12, 10, 10, 10, 11, 9, 5, 11, 9, 7, 10, 9, 4
Forage: 11, 19, 17, 12, 14, 15, 12, 9, 14, 13, 10, 11, 9, 10, 10, 8, 10, 12, 4, 9, 9, 12, 8, 7, 8, 9, 5, 7, 6, 5, 7, 5, 4, 5, 10
Forage: 19, 17, 18, 17, 10, 13, 12, 15, 11, 13, 7, 15, 7, 14, 11, 13, 12, 9, 10, 10, 5, 14, 12, 11, 5, 7, 9, 8, 6, 7
Forage: 13, 16, 15, 12, 17, 12, 14, 14, 13, 11, 13, 13, 14, 9, 11, 6, 14, 8, 8, 13, 6, 11, 9, 9, 7, 7, 8, 11, 5, 3, 7, 7
Forage: 8, 15, 16, 14, 12, 15, 11, 13, 12, 10, 11, 14, 11, 12, 12, 14, 9, 6, 7, 11, 11, 9, 11, 7, 11, 7, 5, 9, 7, 4, 6, 6, 7
Forage: 12, 12, 17, 13, 11, 11, 11, 15, 12, 7, 11, 8, 9, 11, 10, 13, 8, 11, 7, 8, 11, 8, 12, 8, 11, 9, 7, 5, 8, 7, 9, 10, 5, 7
Forage: 10, 16, 16, 16, 17, 13, 8, 13, 14, 18, 9, 12, 8, 7, 10, 11, 10, 12, 8, 13, 10, 11, 10, 12, 10, 11, 7, 7, 8, 8
Forage: 15, 20, 11, 10, 17, 10, 13, 14, 13, 13, 11, 14, 10, 8, 12, 11, 11, 10, 13, 9, 7, 14, 9, 11, 8, 12, 5, 8, 5, 8
Forage: 14, 18, 15, 16, 15, 12, 15, 10, 12, 11, 12, 13, 10, 10, 11, 13, 6, 11, 13, 12, 8, 13, 10, 8, 9, 5, 8, 10, 5, 7, 5
Forage: 11, 17, 14, 15, 17, 9, 15, 9, 11, 13, 11, 12, 8, 13, 9, 13, 12, 7, 7, 10, 10, 9, 11, 7, 7, 7, 11, 12, 8, 4, 6, 5
Forage: 6, 19, 15, 11, 13, 15, 15, 11, 14, 11, 14, 7, 13, 8, 16, 11, 8, 15, 7, 10, 7, 9, 9, 10, 7, 8, 9, 10, 4, 8, 5, 6, 6
Forage: 13, 15, 15, 18, 9, 9, 16, 13, 10, 9, 12, 7, 11, 13, 11, 10, 12, 9, 7, 12, 9, 5, 9, 7, 5, 8, 5, 9, 4, 8, 7, 6, 8, 7, 4, 5
Forage: 12, 17, 19, 12, 14, 15, 16, 11, 13, 11, 11, 10, 15, 9, 14, 14, 7, 9, 11, 9, 12, 8, 5, 10, 11, 8, 9, 4, 5, 5, 3, 7
Forage: 11, 16, 19, 12, 13, 13, 13, 10, 17, 7, 16, 11, 13, 12, 9, 12, 13, 7, 16, 12, 12, 8, 9, 6, 11, 6, 6, 9, 4, 9
