2764
2579
2552
2606
2857
2728
2622
2978
2696
2657
2586
2935
2647
2649
2823
2688
2896
2890
2668
2635
2925
2722
2726
2480
2508
2931
2850
2775
2711
2559
2636
2544
2844
2634
2702
2738
2759
2657
2603
2777
2863
2707
2727
2679
2669
2672
2904
2650
2747
2954
2728
2584
2668
2584
2730
2771
2509
2844
2680
2763
2823
2625
2583
2610
2926
2653
2533
2873
2792
2546
2958
2734
2603
3058
2765
2885
3071
2657
2634
2720
2709
2765
2702
2966
2976
2748
2780
2569
2974
2697
2708
2866
2724
2870
2770
2883
2678
3028
2641
2771
