Forage: 28, 26, 24, 25, 24, 21, 21, 18, 21, 16, 17, 15, 17, 13, 13, 9, 13, 11
Forage: 26, 28, 25, 28, 21, 19, 22, 20, 21, 13, 19, 15, 12, 16, 12, 13, 13, 10
Forage: 27, 30, 27, 18, 24, 21, 21, 19, 18, 18, 16, 20, 12, 20, 15, 17, 14
Forage: 25, 25, 29, 23, 27, 21, 22, 20, 24, 20, 16, 15, 16, 14, 12, 10, 8, 9
Forage: 27, 27, 30, 22, 25, 19, 22, 17, 19, 18, 18, 16, 13, 17, 13, 15, 11
Forage: 27, 28, 28, 23, 25, 21, 19, 21, 20, 16, 19, 15, 15, 15, 12, 12, 14
Forage: 23, 28, 25, 22, 26, 23, 17, 20, 19, 18, 20, 16, 19, 15, 8, 17, 16
Forage: 29, 29, 23, 24, 23, 19, 25, 18, 22, 19, 15, 16, 15, 15, 13, 13, 11
Forage: 25, 32, 27, 23, 23, 22, 18, 22, 16, 20, 17, 14, 22, 12, 16, 11, 14
Forage: 25, 34, 21, 25, 21, 23, 20, 20, 16, 22, 20, 16, 15, 16, 12, 12, 11
Forage: 22, 35, 26, 24, 23, 21, 19, 20, 17, 19, 16, 15, 14, 13, 14, 18, 13
Forage: 27, 29, 24, 24, 22, 23, 23, 21, 17, 19, 21, 12, 18, 16, 12, 12, 9
Forage: 26, 28, 28, 21, 21, 23, 20, 22, 21, 15, 17, 21, 15, 16, 11, 15, 5, 12
Forage: 25, 31, 20, 28, 27, 23, 21, 20, 18, 20, 17, 16, 16, 13, 14, 9, 10
Forage: 27, 32, 25, 25, 23, 22, 23, 19, 19, 17, 15, 18, 13, 14, 16, 13, 11
Forage: 31, 29, 25, 27, 23, 21, 19, 14, 20, 14, 20, 16, 15, 12, 12, 13, 12, 8
Forage: 26, 30, 27, 21, 22, 23, 23, 21, 15, 21, 20, 16, 16, 14, 13, 13, 8
Forage: 23, 32, 22, 26, 22, 22, 20, 21, 18, 17, 15, 18, 14, 14, 18, 12, 12
Forage: 28, 29, 27, 25, 18, 21, 23, 19, 18, 17, 20, 15, 20, 13, 16, 12, 10
Forage: 25, 33, 29, 24, 23, 22, 18, 23, 20, 19, 17, 14, 16, 11, 15, 13, 9
Forage: 29, 30, 29, 25, 25, 20, 18, 25, 22, 17, 19, 13, 16, 15, 15, 16
Forage: 25, 28, 25, 27, 17, 24, 19, 21, 18, 14, 20, 18, 15, 14, 15, 16, 9
Forage: 27, 29, 28, 23, 20, 28, 18, 21, 20, 18, 21, 12, 17, 11, 13, 12, 13
Forage: 20, 31, 26, 24, 21, 21, 19, 21, 17, 15, 21, 15, 12, 17, 12, 14, 13, 8, 6
Forage: 24, 27, 32, 27, 23, 20, 20, 23, 18, 16, 14, 15, 13, 19, 16, 8, 12
Forage: 27, 34, 25, 25, 20, 22, 22, 20, 19, 18, 16, 15, 15, 14, 14, 12, 9
Forage: 29, 26, 26, 27, 22, 24, 20, 18, 20, 22, 14, 15, 18, 18, 12, 11, 13
Forage: 23, 34, 27, 25, 22, 20, 23, 22, 21, 21, 17, 15, 17, 8, 18, 9, 12
Forage: 29, 27, 23, 22, 23, 21, 22, 21, 15, 21, 19, 12, 18, 18, 13, 14, 11, 8
Forage: 25, 37, 22, 25, 27, 20, 20, 20, 16, 19, 18, 12, 17, 15, 19, 10, 10
Forage: 29, 27, 26, 25, 25, 26, 22, 17, 18, 16, 18, 21, 14, 13, 16, 11
Forage: 24, 29, 27, 26, 22, 23, 22, 21, 17, 18, 16, 15, 12, 15, 15, 10, 11, 13
Forage: 23, 30, 24, 25, 23, 22, 23, 18, 20, 15, 20, 15, 17, 14, 14, 12, 8
Forage: 26, 29, 25, 27, 22, 22, 21, 22, 16, 15, 19, 16, 16, 11, 13, 12, 12
Forage: 26, 27, 28, 23, 27, 21, 22, 20, 21, 21, 17, 15, 17, 15, 15, 13
Forage: 27, 26, 31, 21, 23, 20, 20, 20, 18, 15, 22, 14, 18, 17, 14, 11, 10
Forage: 27, 26, 30, 24, 23, 23, 21, 25, 17, 16, 17, 17, 18, 13, 10, 14, 10
Forage: 29, 29, 23, 30, 22, 22, 23, 17, 22, 13, 18, 16, 14, 15, 14, 11, 13
Forage: 20, 29, 28, 24, 23, 22, 23, 20, 20, 15, 16, 19, 13, 16, 10, 16, 12, 9
Forage: 26, 31, 26, 26, 24, 25, 17, 24, 17, 17, 16, 16, 18, 11, 15, 14, 13
Forage: 28, 32, 20, 29, 24, 24, 19, 15, 17, 19, 19, 18, 18, 16, 16, 16
Forage: 24, 28, 25, 23, 23, 22, 22, 21, 20, 19, 15, 17, 14, 15, 13, 14, 10, 12
Forage: 25, 32, 24, 22, 26, 21, 22, 18, 21, 17, 18, 14, 19, 12, 16, 17, 8
Forage: 29, 31, 25, 27, 20, 26, 18, 20, 18, 17, 17, 17, 13, 12, 15, 14, 7, 10
Forage: 22, 28, 30, 25, 29, 20, 24, 15, 19, 15, 22, 14, 20, 13, 19, 11, 11
Forage: 26, 30, 30, 23, 22, 24, 19, 23, 17, 18, 19, 14, 19, 14, 12, 14, 13
Forage: 25, 32, 26, 25, 25, 21, 24, 19, 18, 20, 16, 13, 15, 15, 12, 16, 9
Forage: 27, 30, 21, 26, 27, 22, 19, 22, 17, 18, 17, 18, 16, 16, 14, 10, 9
Forage: 27, 26, 27, 28, 26, 23, 14, 24, 19, 21, 16, 19, 13, 13, 14, 16
Forage: 27, 31, 25, 25, 24, 22, 22, 19, 20, 21, 17, 14, 17, 12, 14, 11, 15
Forage: 30, 28, 27, 22, 25, 23, 20, 20, 16, 17, 17, 17, 15, 17, 13, 11, 10
Forage: 25, 30, 27, 28, 21, 23, 21, 17, 22, 18, 14, 19, 11, 16, 17, 10, 13
Forage: 25, 30, 25, 27, 25, 20, 23, 17, 22, 16, 17, 16, 17, 18, 13, 11, 12
Forage: 25, 29, 26, 25, 18, 23, 18, 21, 21, 14, 16, 17, 12, 11, 15, 9, 11, 11, 12
Forage: 25, 30, 27, 23, 28, 20, 20, 17, 18, 19, 19, 14, 17, 15, 17, 11, 13
Forage: 27, 31, 23, 23, 22, 21, 19, 18, 21, 14, 18, 17, 19, 15, 15, 9, 15
Forage: 29, 32, 26, 25, 21, 24, 23, 19, 18, 18, 18, 18, 13, 14, 15, 9, 13
Forage: 29, 28, 24, 22, 25, 25, 17, 21, 18, 17, 16, 21, 14, 17, 14, 13, 11
Forage: 30, 26, 27, 26, 24, 23, 19, 20, 23, 16, 19, 21, 15, 16, 12, 12
Forage: 31, 29, 29, 23, 22, 24, 20, 18, 17, 13, 22, 16, 15, 17, 12, 15, 10
Forage: 27, 28, 25, 24, 20, 22, 21, 24, 17, 20, 19, 15, 19, 10, 14, 12, 11, 7
Forage: 26, 30, 24, 28, 21, 22, 22, 21, 21, 16, 17, 11, 14, 17, 16, 15, 7
Forage: 26, 29, 22, 25, 22, 18, 22, 18, 18, 18, 17, 16, 11, 18, 11, 12, 13, 14
Forage: 29, 30, 26, 25, 22, 22, 21, 16, 22, 18, 14, 17, 17, 15, 15, 14, 12
Forage: 24, 29, 27, 23, 23, 20, 23, 20, 18, 22, 17, 18, 9, 16, 15, 13, 10, 10
Forage: 28, 28, 26, 28, 22, 23, 17, 24, 21, 18, 15, 17, 16, 14, 16, 14
Forage: 27, 31, 23, 27, 26, 24, 18, 22, 19, 14, 12, 21, 18, 11, 15, 13, 13
Forage: 21, 32, 23, 26, 23, 21, 17, 26, 22, 15, 21, 13, 16, 18, 14, 13, 12
Forage: 28, 30, 24, 24, 22, 22, 17, 22, 16, 18, 15, 20, 17, 14, 13, 11, 13
Forage: 24, 26, 30, 28, 25, 20, 20, 18, 19, 18, 20, 17, 16, 14, 11, 15, 8
Forage: 23, 30, 27, 26, 23, 21, 21, 22, 18, 18, 17, 18, 16, 13, 15, 9, 11, 8
Forage: 29, 27, 28, 21, 26, 24, 23, 20, 16, 18, 16, 17, 18, 14, 11, 16, 8
Forage: 27, 26, 28, 29, 22, 23, 22, 19, 21, 17, 15, 20, 15, 11, 17, 13, 11
Forage: 23, 30, 26, 26, 24, 18, 23, 19, 18, 20, 18, 13, 21, 10, 18, 11, 11
Forage: 25, 33, 22, 24, 25, 23, 19, 22, 17, 21, 19, 13, 17, 14, 15, 17, 10
Forage: 28, 28, 29, 23, 27, 17, 22, 18, 22, 18, 15, 17, 14, 11, 16, 9, 11, 10
Forage: 25, 27, 28, 27, 21, 21, 21, 21, 20, 16, 18, 17, 14, 17, 14, 13, 15
Forage: 25, 29, 25, 24, 24, 23, 18, 19, 19, 20, 15, 15, 17, 17, 15, 14, 11
Forage: 25, 25, 30, 26, 21, 20, 21, 20, 20, 19, 14, 17, 12, 18, 16, 15, 11
Forage: 30, 26, 28, 26, 20, 24, 20, 21, 21, 19, 14, 16, 16, 15, 14, 11, 16
Forage: 25, 30, 32, 25, 22, 19, 22, 21, 21, 17, 18, 15, 14, 18, 15, 10, 10
Forage: 26, 29, 28, 23, 22, 22, 23, 17, 22, 18, 19, 16, 15, 19, 11, 13, 7
Forage: 26, 29, 27, 29, 21, 24, 21, 21, 21, 16, 20, 11, 17, 18, 11, 11
Forage: 25, 31, 27, 21, 21, 21, 20, 19, 18, 20, 17, 13, 16, 14, 16, 12, 13, 10
Forage: 27, 27, 34, 23, 20, 23, 21, 17, 19, 16, 17, 20, 17, 18, 11, 14
Forage: 26, 23, 27, 23, 23, 24, 20, 21, 21, 18, 15, 18, 14, 16, 12, 15, 12
Forage: 31, 29, 27, 23, 23, 21, 23, 19, 21, 14, 20, 20, 14, 19, 11, 14
Forage: 25, 30, 26, 24, 18, 24, 22, 20, 19, 17, 21, 15, 16, 18, 14, 12, 12
Forage: 24, 32, 28, 25, 24, 22, 20, 22, 16, 15, 17, 18, 17, 14, 17, 11, 10
Forage: 25, 27, 24, 22, 27, 17, 22, 21, 20, 19, 18, 17, 13, 17, 16, 11, 9
Forage: 27, 29, 29, 19, 23, 24, 18, 20, 17, 16, 16, 18, 13, 11, 15, 12, 13, 10
Forage: 27, 30, 26, 23, 23, 20, 18, 23, 16, 21, 15, 16, 12, 14, 14, 13, 12, 6, 6
Forage: 26, 29, 25, 25, 19, 21, 21, 22, 21, 14, 22, 14, 19, 16, 14, 13, 11
Forage: 26, 30, 27, 26, 23, 21, 21, 18, 20, 3, 4, 4, 4, 8, 7, 8, 13, 17, 12, 16, 14, 13
Forage: 27, 29, 26, 23, 24, 22, 22, 20, 19, 17, 19, 19, 21, 8, 15, 14
Forage: 24, 29, 26, 21, 20, 24, 21, 21, 16, 17, 18, 18, 10, 14, 18, 10, 11, 14
Forage: 27, 30, 27, 20, 24, 22, 23, 15, 21, 17, 21, 20, 12, 18, 11, 11, 10
Forage: 26, 30, 26, 27, 19, 24, 18, 19, 20, 19, 16, 14, 14, 13, 13, 12, 12, 7, 6
Forage: 29, 25, 27, 25, 23, 23, 22, 18, 21, 22, 17, 19, 16, 16, 11, 14
Forage: 24, 29, 25, 23, 23, 26, 20, 15, 17, 18, 19, 15, 14, 15, 8, 16, 11, 6
