Forage: 40, 44, 38, 32, 28, 24, 30, 25, 22, 17, 15, 19
Forage: 42, 44, 40, 37, 29, 28, 26, 28, 18, 22, 13
Forage: 36, 46, 37, 37, 30, 31, 27, 19, 23, 20, 13
Forage: 39, 40, 42, 32, 33, 24, 32, 27, 27, 15, 15
Forage: 39, 47, 34, 36, 31, 29, 24, 20, 24, 19, 16, 13
Forage: 33, 49, 36, 32, 28, 32, 28, 28, 19, 19, 16, 13
Forage: 48, 42, 37, 34, 35, 32, 25, 25, 17, 19, 15
Forage: 44, 48, 31, 29, 28, 33, 29, 28, 20, 16, 20
Forage: 38, 46, 32, 38, 26, 34, 29, 23, 23, 16, 17
Forage: 41, 48, 40, 38, 31, 31, 27, 27, 15, 15, 16
Forage: 39, 44, 38, 34, 36, 26, 24, 24, 28, 20, 15
Forage: 49, 42, 36, 39, 29, 32, 26, 22, 22, 18, 14
Forage: 41, 43, 40, 32, 32, 31, 26, 26, 25, 15, 17
Forage: 39, 44, 36, 32, 35, 27, 25, 27, 23, 18, 19
Forage: 41, 43, 36, 35, 27, 32, 31, 17, 23, 16, 19, 13
Forage: 45, 45, 37, 33, 32, 29, 28, 20, 18, 23, 21
Forage: 42, 44, 40, 30, 36, 26, 30, 21, 18, 22, 18
Forage: 42, 47, 37, 39, 33, 22, 28, 27, 24, 15, 16
Forage: 45, 40, 43, 34, 31, 29, 24, 28, 26, 17, 18
Forage: 44, 40, 39, 32, 31, 33, 28, 25, 21, 23, 21
Forage: 47, 45, 37, 36, 31, 27, 25, 23, 21, 19, 17
Forage: 47, 44, 43, 38, 32, 26, 26, 22, 23, 19, 14
Forage: 40, 46, 33, 40, 32, 27, 30, 20, 24, 20, 18
Forage: 41, 45, 39, 39, 28, 34, 22, 23, 20, 15, 15, 15
Forage: 32, 46, 33, 37, 33, 33, 29, 26, 22, 21, 13
Forage: 38, 42, 41, 37, 31, 27, 29, 24, 18, 14, 15, 15
Forage: 42, 44, 34, 34, 31, 33, 26, 24, 22, 19, 15
Forage: 41, 41, 35, 38, 30, 27, 31, 22, 21, 27, 21
Forage: 45, 47, 39, 37, 25, 27, 22, 23, 26, 19, 19
Forage: 44, 43, 36, 35, 30, 30, 30, 23, 26, 17, 13
Forage: 38, 42, 36, 33, 31, 28, 24, 26, 18, 19, 20, 12, 9
Forage: 39, 45, 38, 38, 28, 34, 25, 19, 22, 18, 17
Forage: 43, 36, 37, 34, 35, 28, 28, 27, 23, 21, 19
Forage: 36, 43, 43, 34, 27, 32, 24, 27, 21, 17, 20
Forage: 45, 46, 37, 37, 31, 31, 23, 25, 26, 24
Forage: 43, 42, 39, 38, 35, 27, 29, 26, 19, 22, 13
Forage: 41, 42, 36, 35, 34, 24, 33, 28, 18, 21, 13
Forage: 38, 48, 39, 36, 31, 31, 20, 22, 18, 20, 18, 16
Forage: 48, 44, 41, 33, 30, 31, 21, 28, 23, 18, 9
Forage: 41, 45, 43, 36, 32, 31, 23, 22, 23, 19, 17
Forage: 42, 44, 37, 35, 32, 27, 27, 25, 27, 20, 15
Forage: 39, 46, 37, 29, 34, 29, 31, 23, 19, 22, 19
Forage: 40, 45, 35, 33, 35, 28, 30, 25, 20, 19, 19
Forage: 42, 44, 39, 35, 28, 24, 21, 27, 25, 18, 13, 17
Forage: 45, 42, 39, 38, 31, 31, 28, 29, 25, 20
Forage: 41, 46, 37, 33, 31, 27, 24, 24, 22, 22, 20
Forage: 42, 46, 38, 35, 35, 30, 34, 25, 21, 15
Forage: 42, 41, 36, 34, 30, 25, 31, 20, 21, 21, 17, 10
Forage: 44, 46, 36, 33, 35, 26, 28, 22, 20, 19, 15, 10
Forage: 41, 44, 34, 35, 35, 26, 32, 26, 24, 17, 12
Forage: 37, 44, 35, 40, 33, 33, 22, 27, 23, 20, 12
Forage: 50, 39, 39, 34, 35, 20, 29, 27, 26, 20, 16
Forage: 39, 42, 38, 37, 30, 31, 25, 20, 24, 22, 18
Forage: 40, 47, 37, 29, 30, 28, 24, 23, 27, 15, 16, 15
Forage: 39, 46, 33, 39, 33, 32, 28, 20, 19, 23, 18
Forage: 41, 44, 38, 33, 35, 29, 24, 30, 18, 19, 14, 12
Forage: 45, 40, 35, 32, 32, 30, 31, 29, 27, 18, 15
Forage: 45, 41, 37, 35, 26, 35, 25, 19, 27, 15, 21
Forage: 38, 46, 38, 34, 27, 31, 28, 27, 22, 18, 19, 7
Forage: 40, 42, 44, 38, 28, 27, 25, 27, 18, 18, 16, 13
Forage: 43, 43, 38, 30, 28, 23, 23, 29, 24, 16, 17, 18
Forage: 42, 47, 39, 36, 31, 27, 28, 25, 20, 15, 16
Forage: 47, 39, 37, 36, 40, 27, 29, 24, 28, 12, 10
Forage: 40, 44, 39, 34, 32, 33, 30, 23, 22, 21, 15
Forage: 39, 40, 38, 34, 30, 33, 27, 28, 24, 20, 14, 10
Forage: 33, 41, 40, 33, 32, 24, 30, 22, 19, 20, 20, 20
Forage: 39, 44, 37, 36, 31, 31, 27, 25, 24, 20, 14
Forage: 40, 49, 33, 43, 33, 32, 23, 28, 24, 14, 14
Forage: 36, 46, 42, 34, 37, 26, 25, 29, 22, 17, 16
Forage: 47, 35, 41, 40, 33, 26, 31, 26, 24, 19, 15
Forage: 47, 44, 37, 35, 25, 34, 27, 26, 18, 20, 15
Forage: 43, 42, 42, 29, 32, 30, 24, 23, 24, 19, 19
Forage: 41, 45, 39, 36, 33, 31, 23, 18, 20, 29, 14
Forage: 44, 45, 33, 30, 34, 29, 27, 26, 20, 20, 21
Forage: 39, 40, 37, 39, 28, 31, 26, 28, 19, 19, 20
Forage: 45, 39, 41, 38, 27, 32, 22, 27, 21, 21, 11
Forage: 45, 41, 42, 35, 30, 27, 23, 25, 26, 16, 19
Forage: 47, 45, 40, 32, 28, 29, 27, 25, 26, 20, 11
Forage: 46, 43, 46, 34, 31, 32, 24, 25, 17, 21, 17
Forage: 40, 42, 37, 32, 32, 32, 26, 26, 27, 18, 15
Forage: 47, 44, 39, 39, 29, 32, 26, 28, 17, 19, 12
Forage: 37, 44, 36, 39, 30, 33, 25, 29, 25, 18, 16
Forage: 38, 45, 37, 35, 27, 29, 29, 29, 20, 22, 17
Forage: 45, 40, 37, 33, 32, 34, 30, 25, 26, 16, 16
Forage: 45, 43, 37, 33, 29, 29, 25, 26, 18, 17, 16, 12
Forage: 41, 49, 39, 36, 35, 25, 24, 26, 20, 19, 12
Forage: 39, 50, 38, 30, 30, 28, 30, 27, 23, 15, 19
Forage: 40, 44, 38, 37, 30, 31, 29, 28, 22, 19, 16
Forage: 38, 44, 38, 33, 28, 31, 30, 25, 22, 21, 15, 8
Forage: 34, 48, 36, 33, 35, 27, 24, 25, 24, 18, 12, 17
Forage: 42, 41, 40, 35, 36, 30, 31, 22, 27, 16, 15
Forage: 43, 44, 38, 32, 29, 21, 23, 20, 21, 19, 18, 10, 16
Forage: 38, 42, 38, 37, 30, 28, 22, 27, 15, 21, 20, 15
Forage: 38, 46, 39, 32, 32, 29, 24, 23, 21, 20, 23
Forage: 41, 46, 38, 35, 32, 28, 26, 29, 17, 19, 16
Forage: 39, 42, 40, 33, 31, 28, 28, 24, 21, 20, 14, 16
Forage: 34, 45, 39, 35, 28, 33, 22, 26, 21, 21, 16, 17
Forage: 39, 43, 40, 34, 32, 29, 27, 28, 25, 14, 16
Forage: 42, 48, 38, 38, 36, 24, 29, 21, 22, 17, 17
Forage: 44, 44, 34, 30, 30, 34, 30, 25, 13, 24, 17
