Forage: 39, 44, 40, 31, 34, 30, 31, 25, 20, 24, 11
Forage: 39, 47, 42, 35, 26, 28, 29, 26, 21, 22, 21
Forage: 37, 46, 41, 38, 32, 32, 24, 30, 21, 18
Forage: 39, 41, 44, 34, 33, 29, 30, 25, 23, 18, 17
Forage: 45, 46, 36, 36, 32, 26, 23, 25, 22, 17, 11, 15
Forage: 35, 43, 40, 32, 35, 33, 29, 29, 21, 15, 16
Forage: 41, 44, 37, 36, 38, 25, 24, 25, 26, 23, 16
Forage: 42, 42, 35, 35, 30, 26, 27, 26, 21, 17, 16, 12
Forage: 43, 43, 39, 33, 31, 36, 26, 22, 22, 18, 11
Forage: 37, 43, 43, 37, 33, 28, 36, 25, 20, 19, 11
Forage: 39, 45, 39, 37, 26, 29, 25, 28, 26, 25, 17
Forage: 39, 41, 35, 33, 31, 28, 28, 31, 19, 18, 17, 10
Forage: 37, 40, 37, 43, 39, 26, 26, 21, 20, 20, 22
Forage: 40, 41, 40, 38, 34, 33, 25, 30, 22, 18, 14
Forage: 36, 43, 34, 36, 36, 26, 32, 26, 24, 15, 10, 18
Forage: 41, 46, 38, 36, 36, 26, 31, 31, 20, 14, 11
Forage: 39, 47, 35, 30, 32, 29, 26, 26, 18, 24, 19, 9
Forage: 34, 47, 35, 39, 32, 34, 22, 23, 22, 19, 15, 9
Forage: 43, 40, 42, 37, 33, 26, 29, 20, 22, 21, 21
Forage: 39, 47, 38, 38, 32, 32, 31, 22, 19, 23, 10
Forage: 40, 41, 38, 35, 31, 24, 28, 20, 24, 20, 13, 15
Forage: 40, 43, 41, 36, 32, 26, 28, 25, 23, 16, 14
Forage: 37, 42, 36, 32, 37, 31, 29, 22, 26, 18, 16
Forage: 38, 45, 39, 36, 34, 30, 33, 23, 30, 18
Forage: 43, 45, 42, 36, 34, 30, 34, 26, 19, 21
Forage: 39, 54, 27, 37, 33, 25, 25, 26, 26, 13, 13, 14
Forage: 39, 37, 36, 41, 36, 24, 32, 24, 24, 17, 14, 9
Forage: 42, 45, 36, 35, 26, 32, 23, 29, 19, 23, 16
Forage: 35, 41, 34, 37, 33, 34, 29, 25, 20, 21, 24
Forage: 36, 44, 39, 37, 37, 25, 27, 28, 22, 19, 23
Forage: 33, 45, 43, 40, 36, 28, 33, 23, 21, 17, 12
Forage: 42, 42, 40, 39, 27, 35, 34, 22, 23, 18
Forage: 39, 38, 41, 36, 33, 25, 26, 28, 21, 22, 14, 11
Forage: 42, 41, 38, 34, 35, 27, 31, 23, 22, 25, 18
Forage: 39, 40, 37, 37, 33, 28, 25, 26, 27, 20, 18
Forage: 39, 44, 43, 35, 34, 28, 25, 26, 17, 23, 14
Forage: 38, 45, 42, 31, 33, 30, 27, 28, 18, 20, 16
Forage: 35, 44, 36, 38, 30, 36, 25, 22, 27, 18, 22
Forage: 41, 46, 42, 34, 31, 26, 30, 21, 25, 24, 16
Forage: 39, 39, 42, 37, 32, 28, 26, 28, 23, 13, 17
Forage: 36, 44, 37, 28, 34, 30, 27, 24, 24, 20, 15, 15
Forage: 35, 44, 39, 33, 33, 24, 26, 26, 23, 24, 16
Forage: 44, 44, 38, 39, 32, 32, 27, 18, 26, 20, 11
Forage: 38, 39, 43, 34, 37, 27, 26, 29, 23, 19, 14
Forage: 36, 41, 38, 39, 33, 37, 26, 24, 20, 18, 18
Forage: 40, 41, 35, 39, 34, 36, 21, 15, 27, 23, 19
Forage: 35, 37, 40, 32, 40, 26, 29, 22, 22, 15, 14, 16
Forage: 39, 42, 39, 33, 33, 30, 24, 29, 24, 20, 18
Forage: 38, 47, 41, 30, 30, 30, 30, 21, 20, 21, 22
Forage: 39, 41, 38, 39, 30, 33, 25, 25, 18, 16, 15, 11
Forage: 38, 40, 41, 38, 38, 27, 33, 22, 22, 14, 18
Forage: 37, 43, 38, 43, 33, 35, 29, 24, 21, 15, 17
Forage: 40, 41, 38, 35, 37, 36, 32, 27, 13, 19, 12
Forage: 41, 49, 36, 37, 31, 30, 27, 24, 22, 21, 19
Forage: 37, 37, 39, 36, 35, 28, 29, 31, 21, 19, 12
Forage: 41, 41, 40, 38, 33, 33, 29, 15, 14, 24, 16
Forage: 39, 42, 38, 34, 35, 32, 32, 26, 26, 21
Forage: 42, 46, 39, 38, 38, 28, 24, 23, 19, 17, 10, 13
Forage: 33, 49, 41, 36, 30, 32, 29, 26, 18, 18, 16
Forage: 41, 41, 36, 35, 32, 30, 26, 27, 17, 22, 19
Forage: 40, 38, 43, 38, 33, 32, 28, 28, 20, 16, 14, 7
Forage: 42, 41, 38, 38, 33, 31, 26, 26, 22, 18, 17
Forage: 37, 53, 37, 31, 33, 32, 26, 29, 22, 22, 15
Forage: 39, 45, 39, 33, 30, 28, 28, 27, 30, 18, 15
Forage: 40, 45, 36, 32, 32, 23, 25, 26, 24, 21, 17, 15
Forage: 41, 42, 30, 34, 35, 29, 28, 29, 20, 26, 14
Forage: 40, 47, 39, 37, 36, 32, 24, 24, 26, 21
Forage: 36, 40, 43, 36, 29, 34, 28, 24, 22, 16, 15, 12
Forage: 40, 41, 31, 38, 28, 32, 26, 27, 25, 19, 19
Forage: 38, 45, 34, 39, 33, 24, 34, 24, 27, 23
Forage: 49, 45, 31, 32, 31, 27, 21, 20, 16, 21, 17, 19
Forage: 40, 43, 43, 33, 30, 27, 31, 25, 19, 16, 21
Forage: 36, 47, 40, 39, 36, 34, 31, 23, 16, 22, 12
Forage: 35, 51, 34, 35, 34, 22, 23, 27, 14, 19, 18, 15, 9
Forage: 39, 36, 40, 36, 33, 32, 29, 27, 21, 18, 12
Forage: 40, 41, 31, 33, 37, 28, 26, 25, 19, 20, 17, 11
Forage: 37, 38, 35, 38, 33, 29, 24, 30, 21, 13, 18, 11, 7
Forage: 36, 42, 39, 31, 38, 28, 27, 26, 26, 21, 18
Forage: 37, 47, 40, 31, 35, 33, 25, 28, 21, 21, 12
Forage: 39, 44, 38, 33, 33, 28, 23, 25, 28, 19, 18
Forage: 36, 45, 40, 38, 33, 28, 35, 23, 18, 19, 16
Forage: 40, 42, 39, 35, 38, 34, 21, 20, 21, 21, 16
Forage: 38, 45, 36, 36, 29, 28, 31, 27, 26, 23, 11
Forage: 35, 36, 40, 37, 30, 30, 29, 21, 19, 18, 17, 15
Forage: 36, 38, 40, 42, 33, 30, 24, 21, 25, 12, 16, 10
Forage: 42, 43, 38, 38, 29, 31, 28, 26, 20, 21, 9
Forage: 39, 39, 37, 34, 40, 26, 25, 26, 22, 14, 20
Forage: 34, 47, 37, 29, 32, 39, 29, 27, 22, 23
Forage: 45, 46, 36, 32, 32, 28, 27, 20, 18, 19, 14, 10
Forage: 45, 46, 39, 35, 29, 27, 26, 22, 20, 22, 21
Forage: 38, 45, 39, 37, 28, 31, 30, 19, 23, 19, 16
Forage: 36, 45, 37, 35, 32, 25, 24, 32, 17, 17, 18, 17
Forage: 42, 40, 38, 35, 31, 30, 30, 23, 22, 23, 13
Forage: 37, 44, 37, 34, 34, 28, 27, 26, 20, 19, 17, 13
Forage: 40, 42, 38, 37, 35, 28, 26, 23, 19, 14, 24
Forage: 39, 49, 37, 28, 33, 32, 26, 23, 18, 24, 9, 14
Forage: 41, 48, 36, 34, 34, 31, 29, 18, 21, 27, 10
Forage: 45, 37, 44, 31, 35, 31, 23, 20, 20, 12, 14, 15
Forage: 38, 46, 45, 39, 33, 33, 22, 21, 25, 19, 11
Forage: 40, 36, 42, 35, 31, 36, 26, 28, 19, 19, 18
