Forage: 36, 47, 34, 30, 28, 26, 28, 24, 25, 24, 16, 14
Forage: 38, 37, 39, 32, 32, 28, 31, 27, 16, 22, 18, 17
Forage: 36, 42, 40, 30, 25, 23, 31, 22, 17, 20, 10, 14, 14, 13
Forage: 39, 37, 34, 34, 30, 25, 26, 28, 21, 18, 17, 14, 10
Forage: 37, 40, 39, 36, 36, 28, 27, 24, 24, 16, 14, 14
Forage: 37, 51, 32, 32, 29, 27, 26, 29, 17, 21, 18, 18
Forage: 35, 42, 36, 28, 31, 28, 24, 27, 23, 20, 17, 16, 8
Forage: 38, 40, 33, 35, 27, 28, 23, 24, 20, 14, 16, 23, 12
Forage: 39, 41, 35, 29, 28, 31, 19, 29, 23, 17, 16, 16
Forage: 34, 47, 33, 37, 30, 27, 23, 21, 27, 18, 16, 8, 12
Forage: 36, 47, 40, 32, 33, 27, 24, 23, 18, 25, 14, 12
Forage: 38, 39, 37, 38, 25, 29, 23, 26, 22, 16, 22, 13, 8
Forage: 36, 42, 35, 37, 27, 28, 19, 20, 30, 17, 18, 13, 14
Forage: 34, 42, 34, 31, 34, 25, 20, 28, 25, 22, 18, 8, 13
Forage: 36, 43, 35, 31, 33, 26, 26, 23, 18, 19, 16, 17, 10
Forage: 34, 47, 37, 35, 30, 30, 25, 26, 23, 16, 24
Forage: 37, 43, 33, 33, 35, 28, 28, 21, 15, 27, 19, 14
Forage: 46, 45, 38, 29, 27, 34, 24, 23, 18, 21, 18, 10
Forage: 42, 48, 30, 30, 33, 29, 19, 20, 24, 19, 19, 14
Forage: 33, 39, 40, 32, 30, 25, 29, 27, 16, 25, 18, 13
Forage: 35, 44, 32, 32, 36, 35, 25, 20, 19, 20, 19, 16
Forage: 38, 36, 36, 33, 35, 27, 24, 25, 17, 24, 20, 14
Forage: 34, 41, 38, 39, 27, 30, 28, 21, 24, 18, 24
Forage: 37, 43, 40, 31, 30, 30, 27, 19, 23, 16, 22, 15
Forage: 41, 38, 35, 31, 36, 27, 25, 23, 26, 15, 16, 17
Forage: 37, 42, 38, 41, 33, 27, 24, 25, 22, 23, 17
Forage: 34, 41, 39, 31, 27, 29, 24, 24, 23, 31, 13, 12
Forage: 36, 46, 34, 32, 31, 31, 19, 27, 21, 25, 14, 15
Forage: 37, 35, 33, 37, 29, 26, 25, 16, 30, 19, 17, 20, 13
Forage: 41, 41, 34, 38, 26, 24, 28, 24, 24, 19, 17, 15
Forage: 34, 44, 33, 34, 32, 26, 25, 23, 22, 16, 15, 17, 10
Forage: 41, 47, 38, 34, 28, 21, 28, 24, 17, 17, 20, 13
Forage: 35, 41, 37, 40, 27, 28, 24, 23, 19, 23, 16, 11
Forage: 42, 37, 38, 32, 32, 25, 25, 23, 24, 23, 16, 15
Forage: 34, 44, 33, 34, 33, 25, 29, 25, 24, 19, 19, 15
Forage: 33, 38, 35, 32, 33, 28, 28, 18, 26, 20, 25, 16
Forage: 40, 33, 42, 31, 36, 26, 20, 29, 18, 22, 16, 19
Forage: 36, 44, 38, 36, 32, 26, 27, 29, 21, 28, 16
Forage: 43, 41, 33, 33, 29, 29, 22, 24, 20, 21, 17, 14, 9
Forage: 38, 39, 38, 34, 26, 27, 26, 22, 19, 22, 20, 16
Forage: 37, 40, 40, 34, 26, 26, 27, 27, 25, 24, 19
Forage: 37, 40, 35, 25, 31, 31, 27, 19, 24, 16, 25, 14, 12
Forage: 39, 40, 37, 38, 34, 24, 24, 21, 23, 18, 21, 14
Forage: 38, 41, 36, 35, 31, 31, 24, 22, 22, 21, 19
Forage: 36, 44, 32, 32, 32, 26, 29, 22, 24, 19, 21, 12
Forage: 40, 39, 38, 34, 30, 26, 31, 21, 21, 22, 11, 19
Forage: 38, 34, 35, 35, 31, 30, 23, 22, 21, 22, 21, 11, 12
Forage: 39, 42, 35, 36, 27, 28, 24, 23, 24, 23, 15, 16
Forage: 38, 39, 41, 33, 28, 32, 20, 22, 16, 22, 20, 11, 11
Forage: 37, 42, 34, 30, 37, 31, 24, 25, 22, 15, 15, 16
Forage: 35, 45, 31, 32, 32, 31, 24, 24, 19, 16, 18, 12, 12
Forage: 38, 40, 42, 32, 32, 29, 21, 20, 20, 22, 16, 16
Forage: 36, 40, 34, 38, 32, 29, 23, 24, 26, 21, 20, 14
Forage: 37, 41, 38, 35, 26, 29, 26, 21, 21, 19, 23, 14
Forage: 36, 35, 30, 36, 30, 27, 29, 23, 26, 20, 16, 14
Forage: 37, 39, 38, 33, 33, 29, 28, 20, 28, 17, 18, 13
Forage: 34, 44, 36, 34, 31, 28, 20, 21, 29, 20, 18, 13
Forage: 33, 49, 32, 35, 31, 27, 26, 24, 18, 27, 16, 10
Forage: 38, 51, 34, 32, 32, 32, 24, 22, 26, 19, 18
Forage: 37, 44, 36, 29, 30, 28, 28, 19, 20, 17, 17, 17, 15
Forage: 39, 41, 30, 37, 33, 26, 24, 24, 21, 21, 22, 13
Forage: 44, 41, 38, 35, 28, 30, 24, 27, 20, 15, 20, 11
Forage: 34, 43, 36, 36, 32, 28, 23, 29, 18, 20, 17, 10
Forage: 32, 43, 36, 37, 30, 30, 32, 21, 23, 24, 17, 12
Forage: 38, 43, 34, 33, 30, 21, 33, 26, 17, 18, 14, 17, 9
Forage: 37, 46, 33, 29, 33, 29, 28, 24, 25, 13, 15, 21
Forage: 34, 36, 36, 37, 34, 24, 30, 24, 24, 20, 18, 13
Forage: 40, 47, 40, 32, 32, 24, 27, 21, 17, 15, 18, 9
Forage: 33, 40, 37, 29, 30, 30, 28, 26, 23, 19, 19, 17
Forage: 43, 41, 39, 34, 25, 30, 28, 29, 20, 16, 14, 15
Forage: 38, 44, 34, 38, 27, 29, 28, 21, 21, 21, 16, 16
Forage: 36, 41, 37, 36, 34, 26, 29, 23, 19, 16, 21, 15
Forage: 38, 36, 31, 36, 35, 32, 22, 26, 24, 21, 20
Forage: 40, 45, 33, 29, 30, 28, 31, 18, 24, 21, 22, 15
Forage: 36, 42, 35, 31, 26, 28, 25, 25, 18, 27, 16, 11, 15
Forage: 43, 39, 40, 31, 32, 25, 25, 27, 21, 18, 13, 15
Forage: 36, 43, 34, 29, 33, 29, 27, 24, 21, 19, 14, 11, 14
Forage: 37, 39, 33, 35, 31, 32, 23, 24, 25, 21, 23, 13
Forage: 34, 41, 37, 38, 35, 27, 21, 17, 23, 18, 18, 19
Forage: 36, 47, 35, 29, 36, 29, 26, 27, 18, 20, 22
Forage: 42, 38, 34, 34, 27, 24, 23, 24, 17, 19, 19, 24
Forage: 38, 48, 36, 27, 28, 21, 27, 20, 26, 24, 18, 16
Forage: 39, 37, 32, 36, 28, 24, 29, 26, 19, 18, 24, 15
Forage: 33, 43, 33, 36, 30, 23, 28, 21, 19, 22, 14, 14, 19
Forage: 36, 44, 39, 33, 32, 34, 24, 25, 18, 18, 16, 14
Forage: 40, 39, 34, 35, 30, 26, 29, 23, 25, 15, 19, 8
Forage: 39, 39, 36, 34, 31, 31, 21, 21, 25, 17, 19, 15
Forage: 44, 42, 37, 31, 33, 28, 27, 23, 19, 15, 19, 14
Forage: 38, 37, 39, 34, 30, 22, 30, 26, 18, 11, 15, 15, 15
Forage: 37, 46, 36, 28, 34, 27, 22, 24, 22, 18, 16, 14
Forage: 39, 39, 35, 30, 29, 27, 31, 21, 23, 25, 18, 18
Forage: 40, 46, 37, 31, 28, 28, 28, 23, 21, 21, 16, 12
Forage: 39, 40, 35, 33, 30, 22, 32, 21, 19, 23, 22, 14
Forage: 41, 37, 38, 30, 31, 28, 29, 29, 24, 15, 19, 11
Forage: 30, 49, 35, 31, 30, 26, 22, 27, 28, 21, 19
Forage: 34, 40, 38, 32, 29, 30, 22, 22, 21, 18, 18, 25
Forage: 34, 46, 32, 34, 32, 26, 30, 22, 26, 20, 16, 11
Forage: 38, 43, 38, 35, 25, 30, 24, 25, 17, 21, 21, 14
Forage: 40, 42, 36, 34, 36, 25, 24, 26, 21, 19, 19
Forage: 41, 42, 33, 32, 34, 21, 28, 20, 21, 19, 18, 18, 10
