Forage: 35, 44, 38, 32, 30, 30, 28, 23, 19, 19, 14, 16
Forage: 36, 46, 43, 33, 30, 26, 28, 19, 24, 17, 15, 14
Forage: 39, 41, 39, 29, 29, 32, 30, 26, 21, 15, 17, 15
Forage: 41, 46, 35, 34, 29, 24, 24, 26, 18, 17, 16, 13, 11
Forage: 38, 39, 41, 33, 31, 27, 27, 27, 24, 22, 12, 15
Forage: 35, 46, 40, 40, 30, 35, 27, 21, 16, 21, 13
Forage: 36, 44, 39, 33, 32, 29, 23, 20, 19, 19, 20, 13
Forage: 38, 45, 42, 38, 29, 29, 27, 20, 26, 19, 14, 9
Forage: 38, 41, 38, 35, 28, 29, 25, 22, 30, 20, 14, 10
Forage: 39, 34, 43, 33, 34, 29, 27, 26, 19, 19, 13, 12
Forage: 41, 40, 40, 32, 33, 31, 26, 22, 25, 19, 14, 13
Forage: 41, 43, 31, 38, 27, 30, 28, 23, 29, 22, 18
Forage: 38, 46, 36, 31, 31, 32, 23, 23, 22, 16, 21
Forage: 33, 35, 41, 33, 28, 32, 31, 23, 23, 20, 19, 9
Forage: 42, 39, 35, 34, 28, 31, 25, 21, 23, 19, 18, 14
Forage: 33, 45, 33, 33, 28, 23, 28, 22, 24, 21, 19, 11, 13
Forage: 39, 41, 43, 32, 31, 29, 20, 29, 19, 19, 23
Forage: 40, 43, 40, 37, 31, 31, 24, 22, 22, 17, 10, 11
Forage: 37, 40, 37, 42, 33, 29, 30, 22, 24, 20, 19
Forage: 35, 40, 40, 33, 35, 28, 25, 24, 22, 20, 13, 19
Forage: 41, 42, 31, 37, 33, 33, 21, 26, 26, 15, 19
Forage: 38, 39, 38, 32, 27, 33, 25, 27, 21, 24, 13, 15
Forage: 37, 42, 39, 36, 32, 28, 27, 17, 25, 19, 15, 10
Forage: 39, 43, 34, 41, 31, 30, 27, 22, 19, 17, 11, 16
Forage: 39, 40, 42, 34, 31, 31, 25, 22, 20, 18, 20, 12
Forage: 38, 43, 43, 31, 31, 24, 29, 24, 20, 21, 19
Forage: 38, 45, 38, 34, 29, 34, 32, 22, 24, 19, 10, 11
Forage: 43, 40, 36, 38, 29, 28, 27, 29, 18, 22, 16
Forage: 39, 41, 42, 33, 32, 36, 27, 25, 23, 18, 17
Forage: 37, 42, 40, 36, 32, 28, 18, 21, 20, 18, 13, 11, 14
Forage: 40, 39, 38, 32, 34, 31, 25, 26, 17, 19, 19, 15
Forage: 38, 42, 39, 39, 34, 25, 24, 24, 23, 17, 14, 10
Forage: 38, 41, 33, 37, 27, 29, 25, 28, 21, 20, 18, 16
Forage: 42, 39, 41, 39, 27, 33, 28, 24, 26, 19, 17
Forage: 37, 43, 40, 30, 33, 22, 25, 27, 18, 23, 17, 13
Forage: 32, 45, 38, 32, 35, 34, 26, 17, 25, 18, 21, 14
Forage: 37, 40, 42, 38, 33, 31, 26, 23, 21, 16, 16, 13
Forage: 40, 44, 37, 36, 32, 31, 28, 18, 22, 13, 16, 18
Forage: 39, 42, 36, 34, 33, 33, 31, 23, 19, 12, 15, 11
Forage: 40, 37, 42, 30, 35, 24, 28, 25, 20, 18, 13, 17
Forage: 39, 42, 40, 39, 30, 25, 28, 23, 18, 26, 16
Forage: 41, 41, 40, 33, 37, 29, 26, 26, 26, 21, 16
Forage: 41, 43, 38, 37, 28, 28, 32, 24, 24, 17, 16
Forage: 44, 44, 36, 35, 33, 28, 26, 31, 22, 17, 13
Forage: 40, 44, 38, 33, 34, 22, 34, 26, 19, 17, 17
Forage: 32, 41, 40, 32, 30, 30, 24, 25, 24, 19, 15, 12, 13
Forage: 34, 45, 43, 33, 33, 28, 24, 25, 23, 19, 18, 11
Forage: 39, 38, 36, 38, 31, 34, 27, 25, 22, 17, 18, 11
Forage: 34, 39, 43, 36, 36, 30, 27, 27, 20, 18, 14
Forage: 40, 39, 37, 39, 30, 29, 27, 21, 23, 18, 13, 14
Forage: 40, 35, 37, 38, 27, 26, 29, 20, 23, 20, 14, 16, 7
Forage: 42, 43, 41, 34, 35, 29, 27, 25, 20, 15, 15
Forage: 45, 49, 37, 30, 30, 32, 23, 22, 14, 15, 17, 15
Forage: 40, 45, 36, 37, 29, 27, 24, 24, 23, 16, 9, 12, 9
Forage: 39, 37, 39, 33, 33, 32, 25, 26, 26, 21, 14, 12
Forage: 37, 42, 40, 34, 36, 24, 31, 26, 18, 25, 14
Forage: 38, 44, 35, 32, 29, 28, 27, 23, 17, 21, 20, 17
Forage: 41, 43, 41, 34, 31, 28, 25, 30, 21, 24, 12
Forage: 41, 37, 37, 33, 34, 31, 25, 27, 21, 24, 14, 12
Forage: 37, 47, 34, 37, 26, 31, 27, 27, 16, 20, 24
Forage: 39, 46, 41, 31, 32, 23, 26, 23, 18, 20, 13, 13, 10
Forage: 42, 37, 33, 35, 32, 32, 23, 27, 21, 19, 17, 17
Forage: 38, 39, 35, 35, 28, 29, 32, 21, 28, 18, 15, 16
Forage: 33, 43, 39, 30, 33, 29, 26, 17, 19, 22, 14, 12, 10, 9
Forage: 38, 42, 41, 33, 33, 33, 27, 27, 22, 14, 14
Forage: 35, 39, 43, 35, 30, 30, 33, 20, 15, 22, 17, 15
Forage: 40, 43, 41, 36, 30, 32, 23, 21, 25, 17, 14
Forage: 38, 40, 37, 34, 30, 29, 21, 22, 19, 18, 20, 15, 10
Forage: 35, 42, 38, 34, 31, 31, 22, 20, 24, 18, 18, 15
Forage: 38, 42, 37, 37, 30, 34, 28, 21, 21, 16, 15, 17
Forage: 35, 39, 34, 38, 36, 30, 28, 26, 19, 23, 12, 14
Forage: 33, 45, 35, 38, 32, 32, 27, 22, 17, 21, 14, 14
Forage: 38, 47, 37, 30, 37, 25, 30, 25, 16, 19, 17, 13
Forage: 43, 40, 36, 35, 30, 22, 26, 24, 17, 19, 16, 14, 9
Forage: 45, 39, 35, 35, 30, 28, 26, 27, 19, 21, 15
Forage: 38, 41, 34, 33, 33, 28, 26, 28, 31, 20, 11, 13
Forage: 35, 37, 43, 36, 32, 34, 27, 24, 29, 17, 20
Forage: 35, 42, 45, 32, 32, 29, 27, 21, 24, 17, 17, 14
Forage: 41, 43, 37, 31, 38, 23, 30, 21, 20, 25, 18
Forage: 39, 41, 45, 32, 31, 27, 27, 24, 21, 13, 21, 16
Forage: 42, 46, 41, 30, 34, 31, 29, 25, 20, 22, 11
Forage: 41, 48, 36, 33, 35, 28, 27, 20, 23, 18, 14
Forage: 38, 41, 42, 39, 31, 27, 24, 23, 22, 21, 14, 14
Forage: 36, 42, 40, 34, 29, 34, 28, 21, 26, 18, 14, 13
Forage: 40, 43, 35, 35, 34, 33, 30, 27, 21, 14, 19
Forage: 42, 42, 31, 31, 30, 28, 23, 22, 23, 18, 20, 14, 11
Forage: 36, 44, 34, 34, 32, 32, 27, 23, 23, 19, 17, 12
Forage: 39, 46, 37, 34, 32, 32, 29, 25, 24, 15, 16
Forage: 41, 43, 34, 32, 36, 32, 27, 27, 20, 17, 15, 10
Forage: 28, 48, 39, 38, 36, 25, 27, 22, 26, 18, 15
Forage: 42, 39, 34, 35, 33, 32, 27, 22, 21, 18, 19, 15
Forage: 42, 45, 41, 31, 38, 26, 24, 19, 24, 23, 15
Forage: 39, 41, 41, 34, 28, 30, 23, 24, 17, 19, 19, 13
Forage: 38, 43, 37, 31, 39, 31, 25, 26, 20, 21, 19
Forage: 35, 38, 38, 35, 32, 28, 26, 26, 22, 22, 12, 16
Forage: 37, 41, 37, 35, 33, 30, 29, 28, 23, 23, 17
Forage: 36, 51, 41, 35, 30, 32, 28, 23, 22, 19, 16
Forage: 35, 38, 39, 32, 25, 25, 29, 32, 20, 21, 19, 15
Forage: 38, 43, 35, 33, 37, 28, 28, 20, 24, 24, 15
Forage: 43, 38, 40, 28, 33, 25, 31, 20, 23, 18, 16, 14
